2.443889000000000000e+06 2.460738117180095996e-02
2.443920000000000000e+06 5.048321226840991188e-02
2.443948000000000000e+06 1.457273222275348723e-01
2.443979000000000000e+06 1.068521753054430395e-01
2.444009000000000000e+06 1.149499947184564053e-01
2.444040000000000000e+06 2.862146649989679159e-01
2.444070000000000000e+06 4.111379146524949957e-01
2.444101000000000000e+06 8.368672787285176551e-02
2.444132000000000000e+06 9.841051434023069533e-02
2.444162000000000000e+06 1.601660524772678673e-02
2.444193000000000000e+06 -8.613942162805167391e-02
2.444223000000000000e+06 -1.787994570647830905e-01
2.444254000000000000e+06 -9.043744103053925898e-02
2.444285000000000000e+06 -1.838746285469857467e-01
2.444314000000000000e+06 -2.618968379043880579e-01
2.444345000000000000e+06 -3.748382620399597909e-01
2.444375000000000000e+06 -9.598451750019874884e-02
2.444406000000000000e+06 3.810491638924565910e-02
2.444436000000000000e+06 -3.530323921734615511e-01
2.444467000000000000e+06 -1.868849964223607552e-01
2.444498000000000000e+06 -3.103855139389826712e-01
2.444528000000000000e+06 8.927590738971930007e-02
2.444559000000000000e+06 -3.651370182457735480e-01
2.444589000000000000e+06 -7.452073489226583580e-02
2.444620000000000000e+06 2.842296982502973829e-02
2.444651000000000000e+06 -5.126667913334909121e-03
2.444679000000000000e+06 -1.813975659362459802e-01
2.444710000000000000e+06 -2.684929819669811812e-01
2.444740000000000000e+06 -7.235593654831902477e-02
2.444771000000000000e+06 4.968325437145711815e-02
2.444801000000000000e+06 -1.849640448934938564e-01
2.444832000000000000e+06 -3.836272731446385142e-01
2.444863000000000000e+06 -2.768083337905694608e-01
2.444893000000000000e+06 -5.768653318358384074e-02
2.444924000000000000e+06 9.772809411673366586e-02
2.444954000000000000e+06 1.838340885380799206e-01
2.444985000000000000e+06 -1.092803089497715874e-01
2.445016000000000000e+06 3.661902968152851157e-02
2.445044000000000000e+06 2.692857314340678099e-01
2.445075000000000000e+06 2.566372743353186325e-01
2.445105000000000000e+06 8.662606335388841478e-03
2.445136000000000000e+06 1.494043216837038224e-01
2.445166000000000000e+06 -8.476931830015664582e-02
2.445197000000000000e+06 1.246933415598507067e-01
2.445228000000000000e+06 2.651631413949470661e-01
2.445258000000000000e+06 -1.352192946171925925e-01
2.445289000000000000e+06 -1.609863595085141152e-01
2.445319000000000000e+06 -3.512430126671197694e-01
2.445350000000000000e+06 -2.471607713815734408e-01
2.445381000000000000e+06 -2.016017657152049947e-01
2.445409000000000000e+06 1.716566757777959057e-02
2.445440000000000000e+06 1.418687698781064162e-02
2.445470000000000000e+06 -8.871647897591056209e-02
2.445501000000000000e+06 -5.812335229836727152e-02
2.445531000000000000e+06 1.834306010023361855e-01
2.445562000000000000e+06 1.269300659427779199e-01
2.445593000000000000e+06 -1.341088267470804951e-01
2.445623000000000000e+06 1.973596924536632768e-01
2.445654000000000000e+06 1.155955747756463592e-01
2.445684000000000000e+06 7.139614667537094728e-02
2.445715000000000000e+06 -2.045489790197679014e-01
2.445746000000000000e+06 -1.073961975872117086e-01
2.445775000000000000e+06 3.199295736954494568e-02
2.445806000000000000e+06 -4.783091154963475117e-02
2.445836000000000000e+06 -2.290915469547888939e-01
2.445867000000000000e+06 6.273169041868270623e-02
2.445897000000000000e+06 1.440467089264805267e-01
2.445928000000000000e+06 -1.082172070077685178e-01
2.445959000000000000e+06 4.534664050902882659e-02
2.445989000000000000e+06 -1.366495537188972161e-02
2.446020000000000000e+06 -1.625029298569952152e-02
2.446050000000000000e+06 -2.708788213087702235e-01
2.446081000000000000e+06 -1.514465107286253054e-01
2.446112000000000000e+06 2.578451219999245911e-02
2.446140000000000000e+06 -3.545436996410416403e-02
2.446171000000000000e+06 -6.492385507145760973e-03
2.446201000000000000e+06 -2.360727419721470738e-02
2.446232000000000000e+06 -7.002798889644104574e-02
2.446262000000000000e+06 3.237039199504616604e-01
2.446293000000000000e+06 9.232486972503499423e-02
2.446324000000000000e+06 2.524094266781777840e-01
2.446354000000000000e+06 7.057162866754680686e-02
2.446385000000000000e+06 1.782729777193510501e-01
2.446415000000000000e+06 2.055697866592313960e-01
2.446446000000000000e+06 1.567100940189411137e-02
2.446477000000000000e+06 -2.905970817512030790e-01
2.446505000000000000e+06 -1.470239364781472657e-01
2.446536000000000000e+06 -2.722445224047558704e-02
2.446566000000000000e+06 -3.359631151178680275e-01
2.446597000000000000e+06 -1.206797089813488599e-01
2.446627000000000000e+06 3.626204742490223010e-03
2.446658000000000000e+06 -3.956117136052189620e-02
2.446689000000000000e+06 1.368681393775094124e-01
2.446719000000000000e+06 4.160648648204778866e-02
2.446750000000000000e+06 -5.104477748651526509e-02
2.446780000000000000e+06 1.434590205592016221e-01
2.446811000000000000e+06 -1.787363024939709888e-01
2.446842000000000000e+06 -1.361613502984725388e-01
2.446870000000000000e+06 -3.528771206890566475e-02
2.446901000000000000e+06 -6.212138748949756067e-02
2.446931000000000000e+06 -5.239118135253053622e-03
2.446962000000000000e+06 -1.351438599909448590e-01
2.446992000000000000e+06 -2.806502368483032583e-01
2.447023000000000000e+06 2.485324377477706181e-01
2.447054000000000000e+06 -1.521640168247956892e-01
2.447084000000000000e+06 6.788931370166779999e-02
2.447115000000000000e+06 1.740100441895368610e-01
2.447145000000000000e+06 3.575240862649632645e-02
2.447176000000000000e+06 -1.193324114706915268e-01
2.447207000000000000e+06 8.460773203052769642e-02
2.447236000000000000e+06 -5.044130047653333504e-02
2.447267000000000000e+06 -2.548998212486763490e-02
2.447297000000000000e+06 -1.433416741410773187e-01
2.447328000000000000e+06 -1.970756881403404881e-01
2.447358000000000000e+06 8.902504340010473916e-02
2.447389000000000000e+06 -1.426943397902536437e-01
2.447420000000000000e+06 -1.328036322836312066e-01
2.447450000000000000e+06 -4.179587995555291147e-01
2.447481000000000000e+06 5.833367627907601327e-02
2.447511000000000000e+06 1.764835982130092962e-01
2.447542000000000000e+06 9.647903704956178883e-02
2.447573000000000000e+06 1.369102424247174710e-01
2.447601000000000000e+06 9.887715644678649052e-02
2.447632000000000000e+06 -1.125555751638304958e-01
2.447662000000000000e+06 4.599949923501599480e-01
2.447693000000000000e+06 3.379312413195124098e-01
2.447723000000000000e+06 2.436905873188458249e-01
2.447754000000000000e+06 -3.515087716547952990e-02
2.447785000000000000e+06 -3.328080015198901093e-02
2.447815000000000000e+06 1.180279193965528411e-02
2.447846000000000000e+06 8.832508024027103943e-02
2.447876000000000000e+06 -9.009009089107292145e-02
2.447907000000000000e+06 -7.378217727249143654e-02
2.447938000000000000e+06 1.898513157015625230e-01
2.447966000000000000e+06 6.064408099461730123e-02
2.447997000000000000e+06 -3.415768547456068949e-01
2.448027000000000000e+06 -3.283845666204204816e-01
2.448058000000000000e+06 4.308975824713964266e-03
2.448088000000000000e+06 -2.251794721517083320e-01
2.448119000000000000e+06 6.968746467617792373e-02
2.448150000000000000e+06 2.479008920396499893e-01
2.448180000000000000e+06 1.236065731516183298e-02
2.448211000000000000e+06 -7.498737699882163099e-02
2.448241000000000000e+06 -6.668781381793641161e-02
2.448272000000000000e+06 1.404118125175196075e-01
2.448303000000000000e+06 -1.614214243296638596e-01
2.448331000000000000e+06 7.961852093637475369e-02
2.448362000000000000e+06 -1.241847876614183277e-01
2.448392000000000000e+06 -1.064944906595061552e-01
2.448423000000000000e+06 -2.145659956680145142e-01
2.448453000000000000e+06 -2.260741619048791951e-01
2.448484000000000000e+06 -5.785931460867495442e-03
2.448515000000000000e+06 -1.020140247191170524e-01
2.448545000000000000e+06 -1.213445862685091914e-01
2.448576000000000000e+06 -1.530902838633726171e-01
2.448606000000000000e+06 -3.747154614856029742e-01
2.448637000000000000e+06 7.231996374957478128e-04
2.448668000000000000e+06 -2.974037410498365230e-01
2.448697000000000000e+06 -1.892515385341794198e-01
2.448728000000000000e+06 -8.908838922624827406e-02
2.448758000000000000e+06 -3.684877190860801899e-01
2.448789000000000000e+06 -3.967844753971514482e-01
2.448819000000000000e+06 -1.113380953820646141e-01
2.448850000000000000e+06 -7.333307810227232548e-02
2.448881000000000000e+06 6.428950316538024901e-02
2.448911000000000000e+06 -6.804914567766309763e-02
2.448942000000000000e+06 9.359060907955197781e-03
2.448972000000000000e+06 3.072109448513534596e-02
2.449003000000000000e+06 -3.664878243436981431e-01
2.449034000000000000e+06 6.465439624118327067e-02
2.449062000000000000e+06 -7.825738033197952859e-02
2.449093000000000000e+06 3.284468342651616739e-03
2.449123000000000000e+06 2.090082021812214863e-01
2.449154000000000000e+06 2.016401689198141778e-01
2.449184000000000000e+06 3.313175543205825746e-01
2.449215000000000000e+06 1.779572048652907357e-01
2.449246000000000000e+06 1.741153018075569658e-01
2.449276000000000000e+06 1.192322254782409580e-01
2.449307000000000000e+06 4.476421502265091890e-02
2.449337000000000000e+06 1.683436757527879135e-01
2.449368000000000000e+06 1.147605310060201972e-01
2.449399000000000000e+06 1.909565206907736234e-01
2.449427000000000000e+06 1.096169420721044424e-01
2.449458000000000000e+06 -2.121739998006823974e-02
2.449488000000000000e+06 -3.880682509804448538e-02
2.449519000000000000e+06 -3.070698989713493976e-01
2.449549000000000000e+06 -9.836684825472044591e-02
2.449580000000000000e+06 3.230372883696676634e-01
2.449611000000000000e+06 -1.781556313012267745e-01
2.449641000000000000e+06 -1.133730759971199598e-01
2.449672000000000000e+06 -1.510553032483172575e-01
2.449702000000000000e+06 1.516147316621260233e-01
2.449733000000000000e+06 2.420941801122075687e-01
2.449764000000000000e+06 8.147105501352859547e-02
2.449792000000000000e+06 -3.909979213486711180e-02
2.449823000000000000e+06 1.018033182277453819e-01
2.449853000000000000e+06 2.330069390898052428e-01
2.449884000000000000e+06 -1.527043392639655661e-01
2.449914000000000000e+06 -5.400050076498399410e-01
2.449945000000000000e+06 -1.341965414287639158e-01
2.449976000000000000e+06 1.938160193136531095e-01
2.450006000000000000e+06 -2.201998931747153540e-02
2.450037000000000000e+06 1.305009471319351980e-02
2.450067000000000000e+06 2.458132826155845774e-01
2.450098000000000000e+06 4.623957596856603791e-02
2.450129000000000000e+06 -1.041068970240834612e-01
2.450158000000000000e+06 8.332358909068242336e-02
2.450189000000000000e+06 8.159124062526010648e-03
2.450219000000000000e+06 1.604616344567157682e-01
2.450250000000000000e+06 -5.622696088037173329e-02
2.450280000000000000e+06 -8.349831606473867920e-03
2.450311000000000000e+06 -2.754926135653181229e-01
2.450342000000000000e+06 -2.425996079340355660e-01
2.450372000000000000e+06 1.574056549468654254e-01
2.450403000000000000e+06 -3.044384585208467775e-01
2.450433000000000000e+06 -1.606749558907127201e-02
2.450464000000000000e+06 5.270414800863411353e-02
2.450495000000000000e+06 -5.486212043337770905e-02
2.450523000000000000e+06 1.109695024636627725e-01
2.450554000000000000e+06 -9.228646652042575560e-02
2.450584000000000000e+06 1.683436757527879135e-01
2.450615000000000000e+06 -9.228471222679210384e-02
2.450645000000000000e+06 1.247582504242964324e-01
2.450676000000000000e+06 1.227758986182511391e-01
2.450707000000000000e+06 9.418706891499923142e-03
2.450737000000000000e+06 -1.163483579998215722e-01
2.450768000000000000e+06 -3.461380181931447697e-01
2.450798000000000000e+06 -1.585864858176557202e-01
2.450829000000000000e+06 6.035462254506201996e-02
2.450860000000000000e+06 5.632325577489202817e-02
2.450888000000000000e+06 1.170867243642645106e-01
2.450919000000000000e+06 3.260897592922507027e-01
2.450949000000000000e+06 -1.869595374039664110e-02
2.450980000000000000e+06 1.688524209065517534e-01
2.451010000000000000e+06 2.423573241572578307e-01
2.451041000000000000e+06 1.465886804016660327e-01
2.451072000000000000e+06 -3.348956109439555490e-02
2.451102000000000000e+06 5.807404082129308948e-02
2.451133000000000000e+06 1.313421144314539657e-01
2.451163000000000000e+06 2.397609695794286067e-01
2.451194000000000000e+06 1.632579785087832358e-01
2.451225000000000000e+06 6.795948544701455041e-02
2.451253000000000000e+06 1.964097589488570869e-02
2.451284000000000000e+06 1.545444020303522459e-01
2.451314000000000000e+06 2.755134738335906497e-01
2.451345000000000000e+06 -2.444416162493874001e-01
2.451375000000000000e+06 4.335551723481519126e-02
2.451406000000000000e+06 -4.669498992400922949e-03
2.451437000000000000e+06 -1.413619372776572965e-02
2.451467000000000000e+06 2.780571996024098214e-01
2.451498000000000000e+06 1.459781862171494471e-01
2.451528000000000000e+06 3.009156456491091647e-01
2.451559000000000000e+06 2.113764985866738444e-01
2.451590000000000000e+06 9.670358663467133742e-02
2.451619000000000000e+06 1.132737836493114859e-02
2.451650000000000000e+06 2.880365154353578191e-02
2.451680000000000000e+06 1.857111827261050951e-01
2.451711000000000000e+06 8.550331542834063714e-03
2.451741000000000000e+06 -1.736495466270720177e-03
2.451772000000000000e+06 -1.301757004203959178e-01
2.451803000000000000e+06 -3.370683201070791002e-01
2.451833000000000000e+06 4.886224495090030207e-02
2.451864000000000000e+06 -2.816677271558308826e-01
2.451894000000000000e+06 -2.383717602768947175e-01
2.451925000000000000e+06 -9.463195710864041876e-02
2.451956000000000000e+06 -5.848298249326929626e-02
2.451984000000000000e+06 -1.093382006396826367e-01
2.452015000000000000e+06 7.832385223472745905e-02
2.452045000000000000e+06 -5.800932321217883159e-02
2.452076000000000000e+06 5.572504164581109504e-02
2.452106000000000000e+06 -1.748575592699301573e-01
2.452137000000000000e+06 1.476816053354414737e-01
2.452168000000000000e+06 1.917284098895877253e-01
2.452198000000000000e+06 2.120255872311311296e-01
2.452229000000000000e+06 1.626808159033063250e-01
2.452259000000000000e+06 2.464974571327152586e-01
2.452290000000000000e+06 1.190059215994977437e-01
2.452321000000000000e+06 2.220250609430410582e-01
2.452349000000000000e+06 -3.319106968240939648e-01
2.452380000000000000e+06 1.692357505633335091e-02
2.452410000000000000e+06 -5.029543261067632720e-01
2.452441000000000000e+06 -2.070927047885871009e-01
2.452471000000000000e+06 -1.156852350062949203e-01
2.452502000000000000e+06 -2.945012457351069146e-02
2.452533000000000000e+06 -1.636739373552940913e-01
2.452563000000000000e+06 -4.618161403972392276e-01
2.452594000000000000e+06 -1.740295326748386717e-01
2.452624000000000000e+06 2.175340692408499199e-01
2.452655000000000000e+06 -1.853184122074948426e-01
2.452686000000000000e+06 -7.462599251028594061e-02
2.452714000000000000e+06 -4.494334422861655937e-02
2.452745000000000000e+06 2.733530777215532892e-02
2.452775000000000000e+06 5.543733748988947940e-02
2.452806000000000000e+06 -1.478870489459121473e-01
2.452836000000000000e+06 1.155236487366659709e-01
2.452867000000000000e+06 1.069205927571561104e-01
2.452898000000000000e+06 -6.869297144121939980e-02
2.452928000000000000e+06 -1.638098786140781971e-02
2.452959000000000000e+06 -1.368595591646725451e-01
2.452989000000000000e+06 -2.440907575226537174e-01
2.453020000000000000e+06 1.295737864487161994e-01
2.453051000000000000e+06 -2.193552172879292272e-01
2.453080000000000000e+06 6.371409485353700386e-02
2.453111000000000000e+06 1.448159831826693542e-02
2.453141000000000000e+06 6.860857409147184949e-02
2.453172000000000000e+06 1.976930082440602754e-01
2.453202000000000000e+06 2.466202576870720475e-01
2.453233000000000000e+06 -2.449705192821131916e-02
2.453264000000000000e+06 3.247187953153640727e-02
2.453294000000000000e+06 -1.946889551539094168e-02
2.453325000000000000e+06 -5.450424453210935688e-02
2.453355000000000000e+06 -1.826887260506259436e-01
2.453386000000000000e+06 -3.460002896450765225e-02
2.453417000000000000e+06 2.061311606220053161e-01
2.453445000000000000e+06 1.575696978994386641e-02
2.453476000000000000e+06 5.033936019044909366e-02
2.453506000000000000e+06 -6.417391104088958353e-02
2.453537000000000000e+06 -2.624757548034986065e-01
2.453567000000000000e+06 -5.621643511856971864e-02
2.453598000000000000e+06 2.801597370201866846e-02
2.453629000000000000e+06 3.021761221227251687e-02
2.453659000000000000e+06 -6.575188166654910397e-03
2.453690000000000000e+06 -1.087627923278394054e-01
2.453720000000000000e+06 -3.572251539579290314e-01
2.453751000000000000e+06 4.743600422672789724e-02
2.453782000000000000e+06 -4.908698579134132545e-02
2.453810000000000000e+06 7.579766940224497151e-02
2.453841000000000000e+06 -4.171193535539936131e-02
2.453871000000000000e+06 2.854076899274804457e-01
2.453902000000000000e+06 6.481579125548077303e-02
2.453932000000000000e+06 1.503498859522511000e-01
2.453963000000000000e+06 -3.149993061955305707e-01
2.453994000000000000e+06 -6.887892656638824884e-02
2.454024000000000000e+06 1.422275064283664014e-01
2.454055000000000000e+06 5.752233197132959087e-03
2.454085000000000000e+06 9.998411572963125660e-02
2.454116000000000000e+06 -2.654729489787957877e-02
2.454147000000000000e+06 1.131599195413751429e-03
2.454175000000000000e+06 -1.120327956609973030e-01
2.454206000000000000e+06 -1.936197296820137415e-01
2.454236000000000000e+06 -1.193604801688302186e-01
2.454267000000000000e+06 -2.221796300381353451e-01
2.454297000000000000e+06 -4.735172789338074617e-01
2.454328000000000000e+06 -3.094583532557636588e-02
2.454359000000000000e+06 -6.656236532530390715e-03
2.454389000000000000e+06 -8.809370473595827533e-02
2.454420000000000000e+06 -1.846026604049581521e-01
2.454450000000000000e+06 3.264406180189843854e-01
2.454481000000000000e+06 1.999911329041658692e-01
2.454512000000000000e+06 1.892723988024519466e-01
2.454541000000000000e+06 9.104598966609073196e-02
2.454572000000000000e+06 -1.652370129828926448e-01
2.454602000000000000e+06 -9.794230919537269542e-02
2.454633000000000000e+06 2.245337008391868616e-01
2.454663000000000000e+06 4.416424659993632706e-02
2.454694000000000000e+06 3.238330420086137952e-03
2.454725000000000000e+06 2.310596731564333040e-01
2.454755000000000000e+06 2.011138808297136815e-01
2.454786000000000000e+06 1.493271327638224233e-01
2.454816000000000000e+06 1.974123212626733292e-01
2.454847000000000000e+06 1.568477895713588643e-01
2.454878000000000000e+06 6.795071397884620834e-02
2.454906000000000000e+06 9.404758607329735676e-02
2.454937000000000000e+06 -6.899732488883565142e-03
2.454967000000000000e+06 -1.405663816126138943e-01
2.454998000000000000e+06 -9.445828203890722918e-02
2.455028000000000000e+06 -2.285301729920149738e-01
2.455059000000000000e+06 -1.322878699553327042e-01
2.455090000000000000e+06 -1.491036350830359479e-02
2.455120000000000000e+06 2.858876707123662788e-03
2.455151000000000000e+06 -3.479800265084965760e-01
2.455181000000000000e+06 9.444054784723908413e-02
2.455212000000000000e+06 -1.447959835633884085e-01
2.455243000000000000e+06 -1.480116037939026019e-01
2.455271000000000000e+06 6.980238740700842395e-03
2.455302000000000000e+06 5.419003471635124719e-02
2.455332000000000000e+06 1.670981272728833400e-01
2.455363000000000000e+06 3.512463299990556398e-01
2.455393000000000000e+06 4.131728952675503552e-01
2.455424000000000000e+06 2.529006288956049397e-01
2.455455000000000000e+06 5.847226547613581377e-02
2.455485000000000000e+06 2.221654044337345035e-01
2.455516000000000000e+06 2.539882909484793561e-01
2.455546000000000000e+06 2.402144709815571405e-02
2.455577000000000000e+06 -2.830297546862969253e-03
2.455608000000000000e+06 1.763607976586525072e-01
2.455636000000000000e+06 -6.398093874118607194e-02
2.455667000000000000e+06 -1.646405531474453843e-01
2.455697000000000000e+06 2.100256924887491661e-01
2.455728000000000000e+06 -2.937732138771345300e-02
2.455758000000000000e+06 -2.548445774970410360e-01
2.455789000000000000e+06 -2.228813474916027104e-01
2.455820000000000000e+06 -2.313019569332110670e-01
2.455850000000000000e+06 5.608818042798045800e-02
2.455881000000000000e+06 -1.712244171546029037e-01
2.455911000000000000e+06 4.394522138999030214e-01
2.455942000000000000e+06 2.657420582940576148e-01
2.455973000000000000e+06 -6.167755120017945347e-02
2.456002000000000000e+06 3.618747344764609158e-02
2.456033000000000000e+06 1.047505315323082886e-01
2.456063000000000000e+06 1.478333682325790217e-02
2.456094000000000000e+06 -4.659939741879953745e-02
2.456124000000000000e+06 2.089029445632014093e-01
2.456155000000000000e+06 7.374163726358559656e-02
2.456186000000000000e+06 8.664271264558304209e-02
2.456216000000000000e+06 -8.994448451947845147e-02
2.456247000000000000e+06 -3.104030568753193831e-01
2.456277000000000000e+06 -1.459590802425105582e-01
2.456308000000000000e+06 4.449686671959407610e-04
2.456339000000000000e+06 1.135149825261156376e-01
2.456367000000000000e+06 2.291650360320714452e-01
2.456398000000000000e+06 9.509489937259740788e-02
2.456428000000000000e+06 5.107265492932249601e-02
2.456459000000000000e+06 -5.957064454614369869e-02
2.456489000000000000e+06 1.538233873469145307e-01
2.456520000000000000e+06 -2.858429460039617065e-01
2.456551000000000000e+06 -3.029297659958919975e-01
2.456581000000000000e+06 -9.229172940132676639e-02
2.456612000000000000e+06 2.111107395989983079e-02
2.456642000000000000e+06 -1.268274495444622618e-03
2.456673000000000000e+06 -1.317668447461331771e-01
2.456704000000000000e+06 4.449931668396698431e-02
2.456732000000000000e+06 6.991552284855481747e-02
2.456763000000000000e+06 9.564750186720294423e-02
2.456793000000000000e+06 -9.012342247011262408e-02
2.456824000000000000e+06 1.355576820331591270e-01
2.456854000000000000e+06 3.131404573331526137e-02
2.456885000000000000e+06 -2.235242796105169419e-02
2.456916000000000000e+06 -2.083031673958183061e-01
2.456946000000000000e+06 -1.886559393477237750e-02
2.456977000000000000e+06 -1.031069496528924656e-01
2.457007000000000000e+06 2.199374515189756463e-01
2.457038000000000000e+06 1.063539559134812212e-01
2.457069000000000000e+06 2.013945678111005999e-01
2.457097000000000000e+06 1.236477825541843351e-01
2.457128000000000000e+06 1.684313904344713342e-01
2.457158000000000000e+06 6.088968210333087910e-02
2.457189000000000000e+06 1.127746706127075726e-01
2.457219000000000000e+06 2.823552190048974064e-01
2.457250000000000000e+06 1.742556452982504389e-01
2.457281000000000000e+06 8.313412537824622917e-02
2.457311000000000000e+06 -4.181543867978579354e-02
2.457342000000000000e+06 1.099713093861054564e-01
2.457372000000000000e+06 -2.234927023251109118e-02
2.457403000000000000e+06 2.321473352093077203e-01
2.457434000000000000e+06 1.797816702443058856e-01
2.457463000000000000e+06 3.455624186259699804e-01
2.457494000000000000e+06 4.985957737946601458e-03
2.457524000000000000e+06 -9.837472607824672421e-03
2.457555000000000000e+06 4.380487789929682907e-01
2.457585000000000000e+06 5.931958930119765605e-02
2.457616000000000000e+06 -1.415715918647058869e-01
2.457647000000000000e+06 3.972263661375045607e-01
2.457677000000000000e+06 -4.310484450053207045e-02
2.457708000000000000e+06 -2.765101038728458027e-01
2.457738000000000000e+06 -1.367753530702564557e-01
2.457769000000000000e+06 -1.843184648363039024e-01
2.457800000000000000e+06 -1.463090453246021667e-02
2.457828000000000000e+06 1.536400801600213903e-02
2.457859000000000000e+06 9.661060907208690596e-02
2.457889000000000000e+06 1.726767810279488669e-01
2.457920000000000000e+06 8.383935141898092580e-02
2.457950000000000000e+06 1.157639869644785380e-01
2.457981000000000000e+06 1.220250609430410665e-01
2.458012000000000000e+06 2.153587451351011151e-01
2.458042000000000000e+06 -1.115977308398475309e-01
2.458073000000000000e+06 1.231741232730938634e-01
2.458103000000000000e+06 1.605879435983399162e-01
2.458134000000000000e+06 2.116922714407341310e-01
2.458165000000000000e+06 1.706242574765568232e-01
