2.433297000000000000e+06 6.551635853078949592e-03
2.433328000000000000e+06 9.508661845841331894e-02
2.433356000000000000e+06 1.327531836821875359e-02
2.433387000000000000e+06 8.584682977138845261e-02
2.433417000000000000e+06 2.354519338432492503e-02
2.433448000000000000e+06 8.371694960130728058e-02
2.433478000000000000e+06 -8.907650485043865085e-02
2.433509000000000000e+06 -9.532956502309682112e-02
2.433540000000000000e+06 6.044675246176340472e-02
2.433570000000000000e+06 -3.449848655382738161e-02
2.433601000000000000e+06 -5.204905993354648486e-02
2.433631000000000000e+06 -2.341119384285857974e-01
2.433662000000000000e+06 3.374339112968138821e-03
2.433693000000000000e+06 -3.720818891177094662e-02
2.433721000000000000e+06 -2.348850346790689880e-01
2.433752000000000000e+06 -8.572642109834484325e-02
2.433782000000000000e+06 -9.684612216779465987e-02
2.433813000000000000e+06 -1.039431457472303061e-01
2.433843000000000000e+06 2.592194895706039989e-02
2.433874000000000000e+06 -3.430650098495739708e-02
2.433905000000000000e+06 -9.104790028917077171e-02
2.433935000000000000e+06 -1.311077878421005975e-02
2.433966000000000000e+06 5.493911333042872554e-03
2.433996000000000000e+06 2.703720198242167694e-01
2.434027000000000000e+06 6.177132403759125895e-02
2.434058000000000000e+06 -2.108030864765177981e-01
2.434087000000000000e+06 -2.252728712980613945e-01
2.434118000000000000e+06 8.371050713255324960e-02
2.434148000000000000e+06 -8.534373845435568040e-02
2.434179000000000000e+06 -4.249101329007271000e-02
2.434209000000000000e+06 6.368216027003552326e-02
2.434240000000000000e+06 1.040977269111528596e-02
2.434271000000000000e+06 -3.508475121044379863e-02
2.434301000000000000e+06 -4.200653963976992006e-02
2.434332000000000000e+06 -2.293187416755900765e-01
2.434362000000000000e+06 -2.210466117954199838e-01
2.434393000000000000e+06 -1.191911807942603319e-01
2.434424000000000000e+06 -1.779960754339057760e-02
2.434452000000000000e+06 1.519723290627169043e-01
2.434483000000000000e+06 -1.474865035619448983e-01
2.434513000000000000e+06 -5.809982658732821409e-02
2.434544000000000000e+06 1.722616233162553231e-02
2.434574000000000000e+06 5.725128795976623663e-02
2.434605000000000000e+06 2.526958457102766731e-02
2.434636000000000000e+06 9.957057671121580245e-02
2.434666000000000000e+06 -1.073350781397426623e-02
2.434697000000000000e+06 5.988368069266148536e-02
2.434727000000000000e+06 8.847149154177887109e-02
2.434758000000000000e+06 -4.784532166506157147e-03
2.434789000000000000e+06 -8.991464262885487044e-03
2.434817000000000000e+06 7.561876637749591346e-02
2.434848000000000000e+06 8.025347839914261094e-02
2.434878000000000000e+06 -1.990649084066813956e-01
2.434909000000000000e+06 -2.022326428865536818e-02
2.434939000000000000e+06 5.824600513538794044e-02
2.434970000000000000e+06 -1.449910339422017837e-03
2.435001000000000000e+06 5.317062825096582207e-02
2.435031000000000000e+06 8.036686584921347298e-02
2.435062000000000000e+06 -2.798515064350654349e-02
2.435092000000000000e+06 8.552341783993631930e-02
2.435123000000000000e+06 -1.355421664919796987e-01
2.435154000000000000e+06 -1.844018495225170085e-01
2.435182000000000000e+06 -1.877261633995946921e-01
2.435213000000000000e+06 3.934895578607727762e-02
2.435243000000000000e+06 4.545383917739282548e-02
2.435274000000000000e+06 -1.992304524471773253e-02
2.435304000000000000e+06 5.709280322841718547e-02
2.435335000000000000e+06 1.122635286503988888e-01
2.435366000000000000e+06 6.029084471791595901e-02
2.435396000000000000e+06 2.708545881403759056e-02
2.435427000000000000e+06 -1.586190895689027769e-01
2.435457000000000000e+06 -4.289044635282235340e-02
2.435488000000000000e+06 -1.408636456828055994e-01
2.435519000000000000e+06 -2.470613006241791643e-01
2.435548000000000000e+06 7.492813372706426389e-02
2.435579000000000000e+06 -9.745815669942718695e-02
2.435609000000000000e+06 1.935649073387122610e-01
2.435640000000000000e+06 5.041840559924568033e-02
2.435670000000000000e+06 -1.332853422809615954e-02
2.435701000000000000e+06 -6.971430925708727022e-02
2.435732000000000000e+06 -1.169858963332744139e-02
2.435762000000000000e+06 1.611077497559265381e-01
2.435793000000000000e+06 5.782405083848180145e-03
2.435823000000000000e+06 1.443739670863880206e-02
2.435854000000000000e+06 2.800228380177485210e-01
2.435885000000000000e+06 -1.806523327076735574e-01
2.435913000000000000e+06 -2.449997106228906651e-01
2.435944000000000000e+06 4.494488414582473862e-02
2.435974000000000000e+06 -1.101588396011151105e-01
2.436005000000000000e+06 -8.360169490326689601e-02
2.436035000000000000e+06 -6.893992451285328726e-02
2.436066000000000000e+06 2.680778841073904600e-02
2.436097000000000000e+06 -1.088419989877920796e-01
2.436127000000000000e+06 1.306915662744164153e-01
2.436158000000000000e+06 -1.634895959469468141e-01
2.436188000000000000e+06 1.210111127246161350e-01
2.436219000000000000e+06 -1.709886295766337161e-01
2.436250000000000000e+06 -2.727796358902531138e-01
2.436278000000000000e+06 -3.106098124138969574e-01
2.436309000000000000e+06 -3.206581035230696153e-02
2.436339000000000000e+06 -2.901594564415079305e-02
2.436370000000000000e+06 -1.337640451158683685e-01
2.436400000000000000e+06 -7.377693005337641885e-02
2.436431000000000000e+06 -8.293167815284813171e-02
2.436462000000000000e+06 1.276887589946472563e-02
2.436492000000000000e+06 1.135481569199517926e-01
2.436523000000000000e+06 1.294707458520109877e-02
2.436553000000000000e+06 -2.029819294091295689e-01
2.436584000000000000e+06 -2.450254804979067613e-01
2.436615000000000000e+06 3.421797765565966487e-01
2.436643000000000000e+06 1.988090769044898731e-01
2.436674000000000000e+06 2.968654114878826675e-02
2.436704000000000000e+06 -2.958417138825593720e-02
2.436735000000000000e+06 1.001459165774329710e-02
2.436765000000000000e+06 2.781564822261895983e-02
2.436796000000000000e+06 -8.169730113957665574e-02
2.436827000000000000e+06 -2.185320888342408285e-02
2.436857000000000000e+06 -1.776739519962044697e-02
2.436888000000000000e+06 -1.674323868244110836e-01
2.436918000000000000e+06 8.917310379557496017e-03
2.436949000000000000e+06 -3.057650759108689886e-01
2.436980000000000000e+06 -2.707438157639807108e-01
2.437009000000000000e+06 -1.950061530916447072e-01
2.437040000000000000e+06 -2.398566604100687075e-02
2.437070000000000000e+06 -9.615677801111383038e-02
2.437101000000000000e+06 2.140642260736319580e-02
2.437131000000000000e+06 -6.544295247316768427e-02
2.437162000000000000e+06 -1.155447434794813072e-01
2.437193000000000000e+06 -3.485153384154803663e-02
2.437223000000000000e+06 -1.386216665564043993e-01
2.437254000000000000e+06 -5.696079811161632728e-02
2.437284000000000000e+06 -2.986635151968229304e-02
2.437315000000000000e+06 -1.797246172070937342e-01
2.437346000000000000e+06 9.435733099545751124e-02
2.437374000000000000e+06 5.831687229168222575e-02
2.437405000000000000e+06 -1.627789642368951059e-02
2.437435000000000000e+06 3.461374125186776618e-02
2.437466000000000000e+06 1.221643146315868900e-01
2.437496000000000000e+06 4.106746367408490987e-04
2.437527000000000000e+06 1.595802678208294370e-02
2.437558000000000000e+06 1.193154549485563459e-01
2.437588000000000000e+06 4.048927275553997757e-02
2.437619000000000000e+06 1.297761188709518551e-02
2.437649000000000000e+06 -2.006239858451558111e-01
2.437680000000000000e+06 2.262153389841188023e-01
2.437711000000000000e+06 -3.182486202090636929e-02
2.437739000000000000e+06 -3.526404785651661156e-01
2.437770000000000000e+06 1.649732310083424636e-01
2.437800000000000000e+06 2.308391262153662582e-02
2.437831000000000000e+06 5.131133176855376399e-02
2.437861000000000000e+06 -1.050576928416768890e-01
2.437892000000000000e+06 3.391666613268209951e-02
2.437923000000000000e+06 7.108780550927165306e-03
2.437953000000000000e+06 1.228324260478620526e-02
2.437984000000000000e+06 -1.289966182378887438e-01
2.438014000000000000e+06 -7.734476924935632103e-02
2.438045000000000000e+06 -4.123235091024680110e-01
2.438076000000000000e+06 -2.074014629743917704e-01
2.438104000000000000e+06 1.076378360850078347e-01
2.438135000000000000e+06 -3.047709755756401392e-02
2.438165000000000000e+06 1.136628328637734608e-01
2.438196000000000000e+06 -6.105434275792478993e-02
2.438226000000000000e+06 -2.477937819150293972e-02
2.438257000000000000e+06 -6.617481692362509049e-02
2.438288000000000000e+06 2.503121322712868746e-02
2.438318000000000000e+06 1.520882935002893510e-01
2.438349000000000000e+06 -3.972204021959210157e-02
2.438379000000000000e+06 -1.374749071181876336e-01
2.438410000000000000e+06 6.388187680141035885e-02
2.438441000000000000e+06 -5.975425256336223956e-02
2.438470000000000000e+06 -5.759731402451415821e-02
2.438501000000000000e+06 9.979992859885913892e-02
2.438531000000000000e+06 1.655917080087289939e-01
2.438562000000000000e+06 3.256632468183812829e-02
2.438592000000000000e+06 1.089211758608099323e-01
2.438623000000000000e+06 -1.411471143079827684e-01
2.438654000000000000e+06 -1.494945936660923604e-02
2.438684000000000000e+06 5.835166162295397224e-02
2.438715000000000000e+06 -3.005318311354906666e-02
2.438745000000000000e+06 -1.738600104938207297e-02
2.438776000000000000e+06 -1.204281347950334341e-01
2.438807000000000000e+06 -2.542124409411485875e-01
2.438835000000000000e+06 -1.022809888086914504e-01
2.438866000000000000e+06 8.752444863493695493e-02
2.438896000000000000e+06 -5.330853516847607228e-03
2.438927000000000000e+06 1.919304804222983149e-02
2.438957000000000000e+06 -5.137388920812451659e-02
2.438988000000000000e+06 -1.851729856258913648e-02
2.439019000000000000e+06 -7.558984076075948855e-02
2.439049000000000000e+06 6.504667515213836959e-02
2.439080000000000000e+06 -1.584902401938222405e-01
2.439110000000000000e+06 3.532112432105988242e-02
2.439141000000000000e+06 -4.021186385960900389e-01
2.439172000000000000e+06 -1.709757446391256819e-01
2.439200000000000000e+06 -1.030154302466504829e-01
2.439231000000000000e+06 -2.224124151712736086e-01
2.439261000000000000e+06 1.591878940672266374e-01
2.439292000000000000e+06 6.688922121578995406e-02
2.439322000000000000e+06 1.573266922506709464e-02
2.439353000000000000e+06 -1.074749071181876625e-01
2.439384000000000000e+06 1.574800230070167936e-02
2.439414000000000000e+06 -1.243966955475137720e-01
2.439445000000000000e+06 2.856812857308926173e-02
2.439475000000000000e+06 -1.662598575111782495e-01
2.439506000000000000e+06 -5.988439043219357522e-02
2.439537000000000000e+06 1.663776891967202465e-01
2.439565000000000000e+06 2.677434925725739046e-01
2.439596000000000000e+06 2.333149395510560331e-01
2.439626000000000000e+06 3.062327610562372640e-02
2.439657000000000000e+06 9.763525909750622733e-02
2.439687000000000000e+06 4.772803064756419439e-02
2.439718000000000000e+06 -2.343290222191139055e-02
2.439749000000000000e+06 3.145048909364073220e-02
2.439779000000000000e+06 1.816463401437631575e-01
2.439810000000000000e+06 5.730153921604764361e-02
2.439840000000000000e+06 -3.037917203250281237e-02
2.439871000000000000e+06 -3.834979437498444582e-02
2.439902000000000000e+06 -2.631803574467535545e-01
2.439931000000000000e+06 2.386235338043738996e-01
2.439962000000000000e+06 5.654390489057412733e-02
2.439992000000000000e+06 -1.668119496769157259e-02
2.440023000000000000e+06 6.839547041048135712e-02
2.440053000000000000e+06 -9.340970933439690649e-02
2.440084000000000000e+06 -7.208771474607064689e-02
2.440115000000000000e+06 -1.156735928545618158e-01
2.440145000000000000e+06 -1.162276451674081335e-01
2.440176000000000000e+06 -2.669041043865808538e-01
2.440206000000000000e+06 -8.658842341763360595e-02
2.440237000000000000e+06 -3.680379788872895630e-01
2.440268000000000000e+06 -3.868499876490471001e-01
2.440296000000000000e+06 -1.895429395882301804e-01
2.440327000000000000e+06 7.081783866199534150e-02
2.440357000000000000e+06 -7.849024019382222495e-02
2.440388000000000000e+06 -3.049127098882287168e-02
2.440418000000000000e+06 6.708764925341396956e-02
2.440449000000000000e+06 -8.640674579877005712e-02
2.440480000000000000e+06 3.573926794967882160e-03
2.440510000000000000e+06 2.689579253391905303e-02
2.440541000000000000e+06 5.629780258417031030e-02
2.440571000000000000e+06 -2.247703587352473109e-01
2.440602000000000000e+06 -2.965136907800868804e-01
2.440633000000000000e+06 -1.564415351300418033e-01
2.440661000000000000e+06 -2.542124409411485875e-01
2.440692000000000000e+06 5.324149540726011431e-02
2.440722000000000000e+06 8.268615460066303102e-02
2.440753000000000000e+06 1.271159961159316898e-01
2.440783000000000000e+06 3.218750751910137015e-02
2.440814000000000000e+06 -1.950686176320761550e-02
2.440845000000000000e+06 1.814434297844939523e-02
2.440875000000000000e+06 2.697297330959229009e-02
2.440906000000000000e+06 6.307656820715704105e-02
2.440936000000000000e+06 -3.710768639920813267e-02
2.440967000000000000e+06 -6.645117142669024028e-03
2.440998000000000000e+06 -1.044636972225556487e-01
2.441026000000000000e+06 -1.262134717361492464e-01
2.441057000000000000e+06 -6.085204923904836277e-02
2.441087000000000000e+06 1.018447681813871575e-01
2.441118000000000000e+06 -7.178363022088060652e-02
2.441148000000000000e+06 -6.021295633864893332e-02
2.441179000000000000e+06 1.196607712737721707e-01
2.441210000000000000e+06 3.408932429529000496e-02
2.441240000000000000e+06 1.669703963220907084e-01
2.441271000000000000e+06 6.828852542916451218e-02
2.441301000000000000e+06 1.204776763117827304e-01
2.441332000000000000e+06 3.577596261509415759e-02
2.441363000000000000e+06 -1.085720321405157784e-02
2.441392000000000000e+06 -3.803988422143316298e-03
2.441423000000000000e+06 1.441254021203125790e-01
2.441453000000000000e+06 3.239108953172861044e-02
2.441484000000000000e+06 7.999773979609036204e-03
2.441514000000000000e+06 -5.691956631159056368e-02
2.441545000000000000e+06 3.751481233828852634e-03
2.441576000000000000e+06 -1.041621896848672069e-01
2.441606000000000000e+06 6.480186133948535876e-02
2.441637000000000000e+06 -3.468145266644173663e-02
2.441667000000000000e+06 1.737736433263427360e-01
2.441698000000000000e+06 1.730392018883837035e-01
2.441729000000000000e+06 1.156252088462499383e-01
2.441757000000000000e+06 8.353656047619453795e-02
2.441788000000000000e+06 -1.307231998639678261e-01
2.441818000000000000e+06 2.378730136010124424e-02
2.441849000000000000e+06 8.276217573196054111e-02
2.441879000000000000e+06 4.917243214221694858e-02
2.441910000000000000e+06 5.458925987060246621e-02
2.441941000000000000e+06 2.903198632337916987e-02
2.441971000000000000e+06 5.775766600383272498e-02
2.442002000000000000e+06 1.461176985642903547e-02
2.442032000000000000e+06 -9.061042925428976560e-03
2.442063000000000000e+06 4.423621258288181618e-02
2.442094000000000000e+06 -4.871959208146556947e-02
2.442122000000000000e+06 -8.183516997091282164e-02
2.442153000000000000e+06 5.411380567655530577e-02
2.442183000000000000e+06 -5.100924547664661274e-02
2.442214000000000000e+06 8.200907854109745071e-03
2.442244000000000000e+06 6.456864397058957594e-02
2.442275000000000000e+06 -5.440184952251699013e-02
2.442306000000000000e+06 -3.173914977999519379e-03
2.442336000000000000e+06 -1.176063334807697924e-01
2.442367000000000000e+06 -4.169472415207503557e-02
2.442397000000000000e+06 8.602077642774716426e-02
2.442428000000000000e+06 2.197728702300922321e-01
2.442459000000000000e+06 3.937859114234579933e-02
2.442487000000000000e+06 3.380456717636202979e-02
2.442518000000000000e+06 6.699358920960517272e-02
2.442548000000000000e+06 -6.483349492903676958e-02
2.442579000000000000e+06 -2.732544184309423224e-02
2.442609000000000000e+06 5.881294238574227146e-02
2.442640000000000000e+06 3.107811439965799810e-02
2.442671000000000000e+06 1.790306978296283824e-01
2.442701000000000000e+06 3.206638910652567093e-02
2.442732000000000000e+06 9.404165002651021510e-02
2.442762000000000000e+06 1.805124656430544816e-01
2.442793000000000000e+06 1.874632725882563120e-02
2.442824000000000000e+06 2.277357616100690596e-01
2.442853000000000000e+06 8.996872128021463078e-02
2.442884000000000000e+06 7.097503489959358647e-02
2.442914000000000000e+06 2.200531450273749898e-02
2.442945000000000000e+06 5.658513669059989093e-02
2.442975000000000000e+06 -2.759087155576012487e-02
2.443006000000000000e+06 8.629651409041950993e-02
2.443037000000000000e+06 -8.135069632061001088e-02
2.443067000000000000e+06 -8.928781782557071445e-02
2.443098000000000000e+06 3.067677600276476086e-03
2.443128000000000000e+06 -2.529497170653594029e-01
2.443159000000000000e+06 -4.710659392016820490e-01
2.443190000000000000e+06 -2.447291269352215581e-01
2.443218000000000000e+06 5.870599740442542652e-02
2.443249000000000000e+06 1.854989364586710210e-01
2.443279000000000000e+06 2.776410847258675013e-02
2.443310000000000000e+06 -1.481803300402709592e-02
2.443340000000000000e+06 -4.903656154416367874e-02
2.443371000000000000e+06 -1.676385458245399085e-01
2.443402000000000000e+06 8.989012316141550829e-02
2.443432000000000000e+06 1.313996209969665353e-02
2.443463000000000000e+06 9.231249141292949267e-02
2.443493000000000000e+06 -1.655621107386345478e-02
2.443524000000000000e+06 -3.038303751375522402e-02
2.443555000000000000e+06 -3.739779350785020218e-01
2.443583000000000000e+06 7.899333151085501104e-02
2.443614000000000000e+06 -1.102851119886940345e-01
2.443644000000000000e+06 2.193096841331603625e-02
2.443675000000000000e+06 9.609550906529387704e-02
2.443705000000000000e+06 -6.350119239070407817e-02
2.443736000000000000e+06 -3.124632832679477903e-02
2.443767000000000000e+06 1.566582380588290658e-03
2.443797000000000000e+06 1.295911926112287005e-01
2.443828000000000000e+06 3.325160734255567796e-01
2.443858000000000000e+06 -1.119678848272457616e-01
2.443889000000000000e+06 -2.733723430156235756e-01
2.443920000000000000e+06 -7.544810644817090406e-02
2.443948000000000000e+06 -9.057888856387763532e-02
2.443979000000000000e+06 -1.347304154289723499e-01
2.444009000000000000e+06 -1.790139854970419775e-02
2.444040000000000000e+06 1.345596245143339531e-01
2.444070000000000000e+06 1.928465994791209170e-02
2.444101000000000000e+06 -7.382718130965781889e-02
2.444132000000000000e+06 8.402041728610453938e-03
2.444162000000000000e+06 -1.458887713109463247e-01
2.444193000000000000e+06 7.553630277744438626e-02
2.444223000000000000e+06 1.811567125184571359e-01
2.444254000000000000e+06 -2.518416124396668510e-01
2.444285000000000000e+06 -1.059866968360075185e-01
2.444314000000000000e+06 -1.703572676387391238e-01
2.444345000000000000e+06 -3.968209691331713723e-02
2.444375000000000000e+06 -1.344727166788113049e-01
2.444406000000000000e+06 1.072860772910379790e-01
2.444436000000000000e+06 -6.584882800467135866e-02
2.444467000000000000e+06 -9.539074106977744189e-03
2.444498000000000000e+06 5.460343330186132743e-02
2.444528000000000000e+06 -5.283504112153772359e-02
2.444559000000000000e+06 -1.610414578204167613e-01
2.444589000000000000e+06 6.939472472071348506e-03
2.444620000000000000e+06 -6.677946326831946632e-04
2.444651000000000000e+06 -2.840133412501666052e-02
2.444679000000000000e+06 -1.975960255307633584e-01
2.444710000000000000e+06 6.978060119259706096e-02
2.444740000000000000e+06 3.745873545364589163e-02
2.444771000000000000e+06 -4.210446516483111468e-02
2.444801000000000000e+06 8.654905886557734407e-02
2.444832000000000000e+06 -1.713087928672262644e-02
2.444863000000000000e+06 -1.196936933570744016e-01
2.444893000000000000e+06 -1.361091037423340366e-01
2.444924000000000000e+06 -9.858620557177462385e-03
2.444954000000000000e+06 -1.423196436212156302e-01
2.444985000000000000e+06 -9.950428477570601171e-02
2.445016000000000000e+06 1.398102365488655963e-01
2.445044000000000000e+06 1.527196554381839710e-01
2.445075000000000000e+06 2.016437631562615351e-01
2.445105000000000000e+06 -1.256832291512102566e-02
2.445136000000000000e+06 -1.377326058683487064e-01
2.445166000000000000e+06 1.493783608500782491e-02
2.445197000000000000e+06 6.099565079960646286e-02
2.445228000000000000e+06 8.618441513409944021e-02
2.445258000000000000e+06 -1.286209949030463727e-02
2.445289000000000000e+06 9.948295913616103658e-02
2.445319000000000000e+06 1.389430802545736365e-01
2.445350000000000000e+06 1.894417273361352627e-01
2.445381000000000000e+06 -2.183665447937449544e-01
2.445409000000000000e+06 -5.874407346273086833e-02
2.445440000000000000e+06 -8.073737329522669148e-02
2.445470000000000000e+06 -4.249101329007271000e-02
2.445501000000000000e+06 5.459183685810407860e-02
2.445531000000000000e+06 3.114382758094906903e-02
2.445562000000000000e+06 1.557733856275925755e-01
2.445593000000000000e+06 3.582621387137556457e-02
2.445623000000000000e+06 1.907044512119244750e-01
2.445654000000000000e+06 -7.431680893496384055e-02
2.445684000000000000e+06 3.832073777293464045e-02
2.445715000000000000e+06 1.309363800870694261e-01
2.445746000000000000e+06 -2.468274116019253742e-02
2.445775000000000000e+06 -2.931120672779609082e-01
2.445806000000000000e+06 -2.221785261490198671e-02
2.445836000000000000e+06 7.606458521527455219e-02
2.445867000000000000e+06 1.526178918383529724e-02
2.445897000000000000e+06 1.675405822133046660e-02
2.445928000000000000e+06 7.432640714543818639e-02
2.445959000000000000e+06 -3.886132639405415895e-02
2.445989000000000000e+06 -2.050029044507850964e-02
2.446020000000000000e+06 -1.101292042448465958e-01
2.446050000000000000e+06 7.178936295010254764e-02
2.446081000000000000e+06 -3.471901499992596785e-01
2.446112000000000000e+06 -1.711947885767625688e-01
2.446140000000000000e+06 8.537524105859371770e-02
2.446171000000000000e+06 9.838645095422571263e-02
2.446201000000000000e+06 -4.136744673937048367e-02
2.446232000000000000e+06 -3.033149776372301085e-02
2.446262000000000000e+06 -3.587459787968744901e-02
2.446293000000000000e+06 1.413842879213319734e-02
2.446324000000000000e+06 2.906419866714930397e-02
2.446354000000000000e+06 1.476945298100432458e-01
2.446385000000000000e+06 -1.425515724963605790e-01
2.446415000000000000e+06 -2.366245012426561600e-01
2.446446000000000000e+06 -5.881751760652678684e-02
2.446477000000000000e+06 -3.598689285071839383e-01
2.446505000000000000e+06 2.631049150696748162e-01
2.446536000000000000e+06 2.759273880372964394e-02
2.446566000000000000e+06 6.159351189998012177e-02
2.446597000000000000e+06 8.320155210098514886e-02
2.446627000000000000e+06 1.325843910008320248e-02
2.446658000000000000e+06 -9.214440847110608179e-02
2.446689000000000000e+06 1.130939902792755213e-02
2.446719000000000000e+06 1.978813614039100499e-01
2.446750000000000000e+06 1.336009851637348089e-01
2.446780000000000000e+06 2.202361111399893726e-02
2.446811000000000000e+06 -1.335450011782314539e-01
2.446842000000000000e+06 -1.754983577044523235e-01
2.446870000000000000e+06 -2.107128919139613921e-01
2.446901000000000000e+06 6.418338433909880070e-02
2.446931000000000000e+06 5.622951241537762351e-02
2.446962000000000000e+06 -7.719530397426288548e-02
2.446992000000000000e+06 -4.575605645461336413e-02
2.447023000000000000e+06 -9.335688109061388018e-02
2.447054000000000000e+06 5.124175310601027794e-02
2.447084000000000000e+06 4.013432013367572611e-03
2.447115000000000000e+06 -5.472010747896589866e-02
2.447145000000000000e+06 -5.447142818506046924e-02
2.447176000000000000e+06 4.842381727299906874e-02
2.447207000000000000e+06 -1.230566620466762573e-01
2.447236000000000000e+06 -1.106980468293445111e-02
2.447267000000000000e+06 -5.792459143721870318e-02
2.447297000000000000e+06 -9.470206856645463356e-02
2.447328000000000000e+06 2.212153663906014228e-02
2.447358000000000000e+06 -4.150593241109943807e-03
2.447389000000000000e+06 4.712372707843651143e-02
2.447420000000000000e+06 1.482356971853814875e-01
2.447450000000000000e+06 1.849197859241666700e-02
2.447481000000000000e+06 9.857266570769969427e-03
2.447511000000000000e+06 2.306348725493810037e-01
2.447542000000000000e+06 4.145287006643146865e-01
2.447573000000000000e+06 4.368582973657706980e-01
2.447601000000000000e+06 2.115007403499221672e-01
2.447632000000000000e+06 -1.792072595596628376e-02
2.447662000000000000e+06 1.288477317170140246e-01
2.447693000000000000e+06 5.877299907946730712e-02
2.447723000000000000e+06 1.258481182651392805e-01
2.447754000000000000e+06 8.530566239605021084e-02
2.447785000000000000e+06 1.049204027645594395e-01
2.447815000000000000e+06 1.419723290627168955e-01
2.447846000000000000e+06 1.867533125315625972e-02
2.447876000000000000e+06 -6.861135860639794304e-02
2.447907000000000000e+06 1.432621113072730101e-01
2.447938000000000000e+06 4.526165759381196585e-01
2.447966000000000000e+06 3.995821731549731304e-01
2.447997000000000000e+06 2.564047475654871455e-01
2.448027000000000000e+06 1.358043094776118787e-01
2.448058000000000000e+06 5.353140650119131427e-02
2.448088000000000000e+06 -2.379239197838607309e-02
2.448119000000000000e+06 -8.901269700329119197e-03
2.448150000000000000e+06 -1.278736685275792991e-02
2.448180000000000000e+06 9.940693800486352649e-02
2.448211000000000000e+06 8.140668030611335204e-02
2.448241000000000000e+06 1.788245388294995297e-01
2.448272000000000000e+06 1.075102752036781184e-01
2.448303000000000000e+06 -9.854822241260847993e-02
2.448331000000000000e+06 -5.355530912823790179e-02
2.448362000000000000e+06 8.263976882563403570e-02
2.448392000000000000e+06 7.700647414711322969e-02
2.448423000000000000e+06 -5.415222451042749942e-04
2.448453000000000000e+06 -9.897275369701620529e-03
2.448484000000000000e+06 1.170000316783592065e-01
2.448515000000000000e+06 -1.356467136006027981e-04
2.448545000000000000e+06 -1.814105838735399073e-02
2.448576000000000000e+06 5.099951628085887950e-02
2.448606000000000000e+06 2.221823535440981545e-01
2.448637000000000000e+06 8.519356343973016887e-02
2.448668000000000000e+06 1.588528856920172205e-01
2.448697000000000000e+06 1.411399620996966753e-01
2.448728000000000000e+06 -5.274742354648297854e-02
2.448758000000000000e+06 1.871610933972098767e-01
2.448789000000000000e+06 -2.458481563513133933e-02
2.448819000000000000e+06 3.894952272332763421e-02
2.448850000000000000e+06 8.330076611979717049e-02
2.448881000000000000e+06 -6.817971319987814471e-02
2.448911000000000000e+06 -3.282215618402967161e-02
2.448942000000000000e+06 1.067062551031755929e-01
2.448972000000000000e+06 2.239218201076853265e-01
2.449003000000000000e+06 4.646897623831653390e-01
2.449034000000000000e+06 3.809525136654370869e-02
2.449062000000000000e+06 1.128085615069895353e-01
2.449093000000000000e+06 -4.178491871463140689e-02
2.449123000000000000e+06 -1.928028287777676097e-01
2.449154000000000000e+06 -5.261599718390082975e-02
2.449184000000000000e+06 -5.148083418944135459e-02
2.449215000000000000e+06 -3.631397424871206370e-02
2.449246000000000000e+06 -3.214440847110608401e-02
2.449276000000000000e+06 -5.847864375006498611e-02
2.449307000000000000e+06 1.434038456198616085e-01
2.449337000000000000e+06 9.067447308008919332e-04
2.449368000000000000e+06 -2.276675095274504484e-02
2.449399000000000000e+06 -9.668634894269480251e-02
2.449427000000000000e+06 2.566882161906643423e-01
2.449458000000000000e+06 4.328015021978427052e-02
2.449488000000000000e+06 -5.531186888615218736e-04
2.449519000000000000e+06 2.212932928560425172e-01
2.449549000000000000e+06 5.951517147993116291e-02
2.449580000000000000e+06 1.209492650245774792e-01
2.449611000000000000e+06 3.492107441791743750e-03
2.449641000000000000e+06 3.674619840945055754e-02
2.449672000000000000e+06 2.435971196824824048e-01
2.449702000000000000e+06 1.294919785924166789e-01
2.449733000000000000e+06 -5.490626741947463724e-03
2.449764000000000000e+06 1.984354137167563259e-01
2.449792000000000000e+06 6.498998142710292469e-02
2.449823000000000000e+06 -1.097761569571259338e-01
2.449853000000000000e+06 -1.005080214075833450e-01
2.449884000000000000e+06 -8.539545731919556540e-05
2.449914000000000000e+06 -1.364808067829587426e-02
2.449945000000000000e+06 8.436377346421154722e-02
2.449976000000000000e+06 -5.641963073627809938e-02
2.450006000000000000e+06 2.399152761960388416e-02
2.450037000000000000e+06 -7.887034585030978928e-02
2.450067000000000000e+06 -2.597529640696114028e-01
2.450098000000000000e+06 -1.403482481824834815e-01
2.450129000000000000e+06 3.535204817107921033e-02
2.450158000000000000e+06 -1.767868514552576320e-01
2.450189000000000000e+06 -1.821856402711318490e-01
2.450219000000000000e+06 -1.485153384154803448e-02
2.450250000000000000e+06 7.832589174793785913e-02
2.450280000000000000e+06 1.063944396154807154e-01
2.450311000000000000e+06 3.039134723047877060e-02
2.450342000000000000e+06 -1.325657459276194106e-01
2.450372000000000000e+06 3.784141809763506836e-02
2.450403000000000000e+06 3.189373094391775854e-02
2.450433000000000000e+06 -2.074014629743917704e-01
2.450464000000000000e+06 -4.453198739134832385e-02
2.450495000000000000e+06 2.576803563787844475e-01
2.450523000000000000e+06 1.548714400020288484e-01
2.450554000000000000e+06 5.602206492149796463e-02
2.450584000000000000e+06 -1.095184582069648749e-01
2.450615000000000000e+06 -9.068841053269609265e-02
2.450645000000000000e+06 -4.116128773924163098e-02
2.450676000000000000e+06 2.986435328639940046e-02
2.450707000000000000e+06 3.938503361109983031e-02
2.450737000000000000e+06 -7.583465457341249938e-02
2.450768000000000000e+06 -7.086364568280560661e-02
2.450798000000000000e+06 5.159289505958733306e-03
2.450829000000000000e+06 -2.537614681283667517e-01
2.450860000000000000e+06 -9.280086863065879071e-03
2.450888000000000000e+06 -1.845931634380289579e-02
2.450919000000000000e+06 9.437604156132680180e-03
2.450949000000000000e+06 6.955253779870451680e-02
2.450980000000000000e+06 -7.725457468679994277e-02
2.451010000000000000e+06 -1.295100555911020239e-02
2.451041000000000000e+06 9.811715576030739794e-02
2.451072000000000000e+06 -1.209564172328636000e-01
2.451102000000000000e+06 5.224677823163841744e-02
2.451133000000000000e+06 -1.724317425775356849e-01
2.451163000000000000e+06 1.887072858981762302e-01
2.451194000000000000e+06 2.854107020432234895e-02
2.451225000000000000e+06 7.644469087176211652e-02
2.451253000000000000e+06 -1.778691862059340878e-01
2.451284000000000000e+06 5.097374640584276945e-02
2.451314000000000000e+06 4.342575001362527359e-02
2.451345000000000000e+06 1.054229153273735092e-01
2.451375000000000000e+06 1.405945701014633953e-02
2.451406000000000000e+06 -7.228356579619306388e-02
2.451437000000000000e+06 2.193470504519337214e-02
2.451467000000000000e+06 1.357491893515600304e-02
2.451498000000000000e+06 9.304177887588530038e-02
2.451528000000000000e+06 1.487253248106875092e-01
2.451559000000000000e+06 1.779870178914760848e-01
2.451590000000000000e+06 1.529386993758208857e-01
2.451619000000000000e+06 -4.383491227216265024e-02
2.451650000000000000e+06 -2.156458628324369256e-02
2.451680000000000000e+06 1.391891825609774258e-01
2.451711000000000000e+06 8.984116039888490057e-02
2.451741000000000000e+06 -6.935610799436339735e-02
2.451772000000000000e+06 3.286267824452335229e-02
2.451803000000000000e+06 6.520000590848418209e-02
2.451833000000000000e+06 5.513944670219633748e-02
2.451864000000000000e+06 -1.894527450256738021e-01
2.451894000000000000e+06 -2.890404270254161023e-01
2.451925000000000000e+06 -1.092221046442796439e-01
2.451956000000000000e+06 -6.587459787968745484e-02
2.451984000000000000e+06 -2.029819294091295689e-01
2.452015000000000000e+06 1.310574984996451253e-01
2.452045000000000000e+06 7.255730522558249962e-02
2.452076000000000000e+06 1.234624994920058456e-02
2.452106000000000000e+06 1.032975722919027631e-02
2.452137000000000000e+06 8.138864139360207917e-02
2.452168000000000000e+06 -7.672242676771734438e-02
2.452198000000000000e+06 1.054796090524089403e-01
2.452229000000000000e+06 1.198050825738623676e-01
2.452259000000000000e+06 -1.560678719423082561e-01
2.452290000000000000e+06 1.923021834629230487e-01
2.452321000000000000e+06 1.822777020816577775e-01
2.452349000000000000e+06 1.305446779868246199e-01
2.452380000000000000e+06 1.107547024682058734e-01
2.452410000000000000e+06 6.603752684650764093e-02
2.452441000000000000e+06 8.811973274780901533e-02
2.452471000000000000e+06 5.653875091557089561e-02
2.452502000000000000e+06 -1.512340602296795462e-02
2.452533000000000000e+06 8.815003975743557207e-03
2.452563000000000000e+06 -1.774697531431844166e-01
2.452594000000000000e+06 -1.693007027630787920e-01
2.452624000000000000e+06 -1.908185484015274547e-01
2.452655000000000000e+06 -4.645184308004823154e-02
2.452686000000000000e+06 3.078949179947761475e-02
2.452714000000000000e+06 1.345351431330686631e-01
2.452745000000000000e+06 -8.626820531407584924e-03
2.452775000000000000e+06 1.453237013085614815e-01
2.452806000000000000e+06 1.164443480961953889e-03
2.452836000000000000e+06 2.402696119775102682e-02
2.452867000000000000e+06 -2.180295762714267588e-02
2.452898000000000000e+06 7.444108308925985462e-02
2.452928000000000000e+06 -7.198205825850462203e-02
2.452959000000000000e+06 9.709795720342040415e-02
2.452989000000000000e+06 4.849468442929336098e-02
2.453020000000000000e+06 -2.028917348465731629e-01
2.453051000000000000e+06 -1.826237281464056783e-01
2.453080000000000000e+06 5.530437390229941269e-02
2.453111000000000000e+06 -3.842581550628196285e-02
2.453141000000000000e+06 2.178230364095570717e-03
2.453172000000000000e+06 -1.606916043605904898e-02
2.453202000000000000e+06 -1.151691201446389430e-02
2.453233000000000000e+06 -7.847348977506175827e-02
2.453264000000000000e+06 1.244900458517904790e-01
2.453294000000000000e+06 -5.208900323982145614e-02
2.453325000000000000e+06 1.017172073000574412e-01
2.453355000000000000e+06 1.728201579507467889e-01
2.453386000000000000e+06 6.021482358661844198e-02
2.453417000000000000e+06 -1.493934743131367648e-01
2.453445000000000000e+06 -1.593535310068618094e-01
2.453476000000000000e+06 8.367896644214114013e-03
2.453506000000000000e+06 -8.403591729728829285e-02
2.453537000000000000e+06 -3.505769284167688932e-02
2.453567000000000000e+06 1.042523461612494991e-02
2.453598000000000000e+06 1.769079317816592625e-02
2.453629000000000000e+06 1.177099917350529351e-01
2.453659000000000000e+06 1.815812986158301182e-02
2.453690000000000000e+06 4.366025587627184179e-02
2.453720000000000000e+06 -2.567636585677431360e-01
2.453751000000000000e+06 -7.642411305792332424e-03
2.453782000000000000e+06 -5.748325492108526114e-03
2.453810000000000000e+06 -1.923260860899696223e-01
2.453841000000000000e+06 3.214627571907559961e-02
2.453871000000000000e+06 3.439856279548328399e-02
2.453902000000000000e+06 1.522944525004182315e-01
2.453932000000000000e+06 2.755537248495628852e-02
2.453963000000000000e+06 -1.985475507592504574e-02
2.453994000000000000e+06 9.246839915677693145e-02
2.454024000000000000e+06 -1.182763502311885428e-01
2.454055000000000000e+06 8.149300938741732558e-02
2.454085000000000000e+06 3.083181607854330597e-01
2.454116000000000000e+06 2.763764007029694825e-01
2.454147000000000000e+06 -1.540707066285600391e-01
2.454175000000000000e+06 1.666353879468812915e-01
2.454206000000000000e+06 8.445139103926631308e-02
2.454236000000000000e+06 1.294713626924037797e-01
2.454267000000000000e+06 -5.718370753050564664e-02
2.454297000000000000e+06 -3.676881254274633193e-02
2.454328000000000000e+06 9.975421447718815088e-03
2.454359000000000000e+06 3.737627185359435056e-02
2.454389000000000000e+06 6.373370002006774337e-02
2.454420000000000000e+06 -5.250647521508237936e-02
2.454450000000000000e+06 1.201246290240620823e-01
2.454481000000000000e+06 1.198450258801373319e-01
2.454512000000000000e+06 1.351922749459793516e-01
2.454541000000000000e+06 8.977544721759384005e-02
2.454572000000000000e+06 -4.430521249120659283e-02
2.454602000000000000e+06 -1.409023004953297853e-01
2.454633000000000000e+06 2.754444769455705305e-03
2.454663000000000000e+06 -4.751485042446261520e-02
2.454694000000000000e+06 3.952486258954481836e-03
2.454725000000000000e+06 -2.775579875586320355e-02
2.454755000000000000e+06 2.302483244241393945e-01
2.454786000000000000e+06 2.620309829348611494e-02
2.454816000000000000e+06 9.778858985385205371e-02
2.454847000000000000e+06 1.173698293848403212e-01
2.454878000000000000e+06 -7.230289320245514295e-02
2.454906000000000000e+06 2.995712483645738070e-02
2.454937000000000000e+06 1.396324244112544799e-01
2.454967000000000000e+06 1.681300406978154527e-01
2.454998000000000000e+06 -1.597143092570872946e-01
2.455028000000000000e+06 -1.603843260075060451e-01
2.455059000000000000e+06 7.407711101113997366e-03
2.455090000000000000e+06 1.270026086658608278e-01
2.455120000000000000e+06 -1.840926110223237433e-01
2.455151000000000000e+06 7.344507741988735849e-02
2.455181000000000000e+06 -4.254146056106499207e-01
2.455212000000000000e+06 -3.189850217941315180e-01
2.455243000000000000e+06 -5.353102376168347165e-01
2.455271000000000000e+06 -4.135069632061001699e-02
2.455302000000000000e+06 -2.104661179541996233e-02
2.455332000000000000e+06 -1.040436482597931200e-01
2.455363000000000000e+06 1.264698439063854409e-02
2.455393000000000000e+06 7.040680915548844232e-02
2.455424000000000000e+06 -7.012954702041321407e-04
2.455455000000000000e+06 -9.708578200544444592e-02
2.455485000000000000e+06 -4.584625101716973544e-02
2.455516000000000000e+06 -3.409261102232370721e-02
2.455546000000000000e+06 -3.246801641726909105e-01
2.455577000000000000e+06 -2.025438415338557396e-01
2.455608000000000000e+06 2.173118471660540896e-01
2.455636000000000000e+06 1.978169367163697678e-01
2.455667000000000000e+06 3.074291000973773946e-01
2.455697000000000000e+06 9.800830544484696871e-03
2.455728000000000000e+06 -9.619800981113958704e-02
2.455758000000000000e+06 -4.644540061129420055e-02
2.455789000000000000e+06 -1.225928042963863318e-01
2.455820000000000000e+06 9.997387525521785057e-02
2.455850000000000000e+06 1.173698293848403212e-01
2.455881000000000000e+06 2.023395497816964095e-01
2.455911000000000000e+06 3.004712338430287621e-01
2.455942000000000000e+06 -1.398051206600364402e-02
2.455973000000000000e+06 9.640799620634679309e-03
2.456002000000000000e+06 1.479522285602043186e-01
2.456033000000000000e+06 9.868089918276734193e-03
2.456063000000000000e+06 3.602206492149796768e-02
2.456094000000000000e+06 -7.231706663371399724e-02
2.456124000000000000e+06 3.594217830894803900e-02
2.456155000000000000e+06 1.612630406593811710e-02
2.456186000000000000e+06 1.138264715701257368e-01
2.456216000000000000e+06 -1.807554122077379699e-01
2.456247000000000000e+06 7.566626153146817075e-05
2.456277000000000000e+06 -2.109834756016304991e-01
2.456308000000000000e+06 -6.421372943489940532e-02
2.456339000000000000e+06 -1.154803187919410390e-01
2.456367000000000000e+06 -3.961142577173372703e-01
2.456398000000000000e+06 5.583909880888361654e-02
2.456428000000000000e+06 7.797542144771882344e-02
2.456459000000000000e+06 8.501575130211902476e-02
2.456489000000000000e+06 1.289076740829090892e-02
2.456520000000000000e+06 3.419755777035764915e-02
2.456551000000000000e+06 -4.506155832292930291e-02
2.456581000000000000e+06 4.817900346034605791e-02
2.456612000000000000e+06 2.757579237025828967e-01
2.456642000000000000e+06 2.043624849704607505e-01
2.456673000000000000e+06 -1.105015789388293229e-01
2.456704000000000000e+06 1.996292305833600664e-02
2.456732000000000000e+06 1.696891181362898959e-01
2.456763000000000000e+06 1.395602687612093606e-01
2.456793000000000000e+06 7.413571007031900806e-02
2.456824000000000000e+06 -5.106207372042961823e-02
2.456854000000000000e+06 -4.867707178768899967e-02
2.456885000000000000e+06 -3.355015515323467312e-02
2.456916000000000000e+06 2.745358147864266490e-02
2.456946000000000000e+06 -1.318441894271684678e-01
2.456977000000000000e+06 -5.400628194101975837e-02
2.457007000000000000e+06 6.752702562243857731e-02
2.457038000000000000e+06 1.549745195020932609e-01
2.457069000000000000e+06 1.486609001231472549e-01
2.457097000000000000e+06 2.510703834371531551e-01
2.457128000000000000e+06 1.709647269495871424e-01
2.457158000000000000e+06 1.126036910006114888e-01
2.457189000000000000e+06 6.934637879857566412e-02
2.457219000000000000e+06 -1.284296809875344059e-01
2.457250000000000000e+06 -7.445725475380161884e-02
2.457281000000000000e+06 -6.874469030312365704e-03
2.457311000000000000e+06 -1.789753306845178610e-02
2.457342000000000000e+06 2.649345761958183387e-01
2.457372000000000000e+06 2.003939242179803848e-01
2.457403000000000000e+06 -1.723415480149793344e-01
2.457434000000000000e+06 1.129187551291659965e-02
2.457463000000000000e+06 5.043129053675373535e-02
2.457494000000000000e+06 -1.211110364829602187e-01
2.457524000000000000e+06 9.717593848182673466e-03
2.457555000000000000e+06 5.463693413938226079e-02
2.457585000000000000e+06 2.524355699726140226e-02
2.457616000000000000e+06 7.518840946472693521e-02
2.457647000000000000e+06 1.149500381208279631e-01
2.457677000000000000e+06 -2.327203651777160764e-01
2.457708000000000000e+06 -6.439283006626134176e-02
2.457738000000000000e+06 2.444990653080461041e-01
2.457769000000000000e+06 1.356947875087934352e-01
2.457800000000000000e+06 5.811329027905498545e-02
2.457828000000000000e+06 1.902534783991426115e-01
2.457859000000000000e+06 2.899013768296060650e-03
2.457889000000000000e+06 -7.975554105711304964e-02
2.457920000000000000e+06 6.607618165903179908e-02
2.457950000000000000e+06 9.604268082151085073e-02
2.457981000000000000e+06 3.365510190126861506e-02
2.458012000000000000e+06 -4.912933309422166245e-02
2.458042000000000000e+06 1.032724192572794381e-01
2.458073000000000000e+06 4.327309091063744756e-03
2.458103000000000000e+06 6.723263220686216853e-03
2.458134000000000000e+06 -2.186351683343052202e-02
2.458165000000000000e+06 2.884773171701400865e-02
