2.433297000000000000e+06 -2.133188396893128391e-01
2.433328000000000000e+06 -2.328782775928449345e-01
2.433356000000000000e+06 -2.668699221048084769e-01
2.433387000000000000e+06 -2.262318666547515345e-01
2.433417000000000000e+06 -2.921262836695635023e-01
2.433448000000000000e+06 -2.790233592487507130e-01
2.433478000000000000e+06 -2.583245366129740539e-01
2.433509000000000000e+06 -2.133188396893128391e-01
2.433540000000000000e+06 -1.310932415123284289e-01
2.433570000000000000e+06 -9.482282753587573110e-02
2.433601000000000000e+06 -2.338277648697154043e-01
2.433631000000000000e+06 -2.522478180410029358e-01
2.433662000000000000e+06 -2.169268913414207078e-01
2.433693000000000000e+06 -2.364863292449527754e-01
2.433721000000000000e+06 -2.463609969244058839e-01
2.433752000000000000e+06 -1.210286763775012542e-01
2.433782000000000000e+06 -8.874610896390458525e-02
2.433813000000000000e+06 4.285282761034531901e-02
2.433843000000000000e+06 1.106462191788983029e-01
2.433874000000000000e+06 1.421691967709985682e-01
2.433905000000000000e+06 1.290662723501858067e-01
2.433935000000000000e+06 1.281167850733153091e-01
2.433966000000000000e+06 1.201410919476031958e-01
2.433996000000000000e+06 7.798385685455344607e-02
2.434027000000000000e+06 6.450113752299248271e-02
2.434058000000000000e+06 8.481388187633585179e-03
2.434087000000000000e+06 -8.799280251409333925e-03
2.434118000000000000e+06 1.987523551007946282e-02
2.434148000000000000e+06 -7.602297945384002553e-02
2.434179000000000000e+06 -1.548304234340906749e-01
2.434209000000000000e+06 -7.602297945384002553e-02
2.434240000000000000e+06 -8.570774967791901233e-02
2.434271000000000000e+06 4.816995636082005428e-02
2.434301000000000000e+06 4.038416069048204188e-02
2.434332000000000000e+06 -8.001082601669608219e-02
2.434362000000000000e+06 -3.633441128065353909e-02
2.434393000000000000e+06 -9.368972617531627980e-03
2.434424000000000000e+06 5.842441895102135768e-02
2.434452000000000000e+06 3.107918537715124302e-02
2.434483000000000000e+06 1.091270395359055234e-01
2.434513000000000000e+06 1.290662723501858067e-01
2.434544000000000000e+06 2.519236426055420849e-02
2.434574000000000000e+06 5.424667493279119318e-02
2.434605000000000000e+06 2.557215917130240684e-02
2.434636000000000000e+06 8.235149832815770454e-02
2.434666000000000000e+06 5.822823812396210608e-03
2.434697000000000000e+06 1.075387428043762241e-03
2.434727000000000000e+06 4.892954618231644404e-02
2.434758000000000000e+06 -2.456076904745946657e-02
2.434789000000000000e+06 -2.285169194909258267e-02
2.434817000000000000e+06 1.019046528600046388e-02
2.434848000000000000e+06 -1.381194473611700724e-01
2.434878000000000000e+06 -2.983928996969087422e-01
2.434909000000000000e+06 -3.078877724656136627e-01
2.434939000000000000e+06 -2.752254101412688336e-01
2.434970000000000000e+06 -2.923161811249376241e-01
2.435001000000000000e+06 -2.338277648697154043e-01
2.435031000000000000e+06 -2.683891017478012841e-01
2.435062000000000000e+06 -2.290803284853629718e-01
2.435092000000000000e+06 -2.243328921010105392e-01
2.435123000000000000e+06 -1.582485776308244496e-01
2.435154000000000000e+06 -1.447658582992635001e-01
2.435182000000000000e+06 -2.355368419680823056e-01
2.435213000000000000e+06 -3.333340314857427544e-01
2.435243000000000000e+06 -3.335239289411168762e-01
2.435274000000000000e+06 -4.372079395753744047e-01
2.435304000000000000e+06 -3.931517299285836597e-01
2.435335000000000000e+06 -4.056849619832741949e-01
2.435366000000000000e+06 -3.601095726934905872e-01
2.435396000000000000e+06 -3.452975711743109799e-01
2.435427000000000000e+06 -3.620085472472315824e-01
2.435457000000000000e+06 -3.682751632745768222e-01
2.435488000000000000e+06 -2.851000778207218866e-01
2.435519000000000000e+06 -2.598437162559668612e-01
2.435548000000000000e+06 -2.833910007223550132e-01
2.435579000000000000e+06 -2.547164849608661852e-01
2.435609000000000000e+06 -2.676295119263049083e-01
2.435640000000000000e+06 -3.006716691613979253e-01
2.435670000000000000e+06 -2.541467925947439310e-01
2.435701000000000000e+06 -2.277510462977443140e-01
2.435732000000000000e+06 -2.697183839354199142e-01
2.435762000000000000e+06 -2.951646429555491169e-01
2.435793000000000000e+06 -2.102804804033272801e-01
2.435823000000000000e+06 -2.062926338404712512e-01
2.435854000000000000e+06 -1.914806323212915884e-01
2.435885000000000000e+06 -8.380877512417803099e-02
2.435913000000000000e+06 1.455182338791958423e-03
2.435944000000000000e+06 5.291739274517250763e-02
2.435974000000000000e+06 1.391308374850129814e-01
2.436005000000000000e+06 1.252683232427038440e-01
2.436035000000000000e+06 1.577407881116746069e-01
2.436066000000000000e+06 2.019868952138394458e-01
2.436097000000000000e+06 2.021767926692135398e-01
2.436127000000000000e+06 1.938213046327532663e-01
2.436158000000000000e+06 2.038858697675804410e-01
2.436188000000000000e+06 2.230655127603643206e-01
2.436219000000000000e+06 2.619944911120544173e-01
2.436250000000000000e+06 2.583864394599465486e-01
2.436278000000000000e+06 2.329401804398174292e-01
2.436309000000000000e+06 1.697043278002427769e-01
2.436339000000000000e+06 1.123552962772651903e-01
2.436370000000000000e+06 1.419792993156244465e-01
2.436400000000000000e+06 1.152037581078766415e-01
2.436431000000000000e+06 6.621021462135937008e-02
2.436462000000000000e+06 2.196410751919453813e-02
2.436492000000000000e+06 2.728123626966928034e-02
2.436523000000000000e+06 7.741416448843115028e-02
2.436553000000000000e+06 1.134946810095097541e-01
2.436584000000000000e+06 8.728883216788425881e-02
2.436615000000000000e+06 1.360924781990274501e-01
2.436643000000000000e+06 7.627477975618655870e-02
2.436674000000000000e+06 1.873585077783487471e-02
2.436704000000000000e+06 -2.266179449371848523e-02
2.436735000000000000e+06 -2.456076904745946657e-02
2.436765000000000000e+06 -3.899297565589091713e-02
2.436796000000000000e+06 6.962208544640799586e-03
2.436827000000000000e+06 6.202618723144407223e-03
2.436857000000000000e+06 -2.494056395820766145e-02
2.436888000000000000e+06 -4.639897641548073465e-02
2.436918000000000000e+06 -6.462913213139413748e-02
2.436949000000000000e+06 -7.222503034635806285e-02
2.436980000000000000e+06 -6.576851686363872906e-02
2.437009000000000000e+06 -3.557482145915714933e-02
2.437040000000000000e+06 -1.867394793086242857e-02
2.437070000000000000e+06 -7.868154382907739663e-02
2.437101000000000000e+06 -6.595841431901283691e-02
2.437131000000000000e+06 -7.811185146295510084e-02
2.437162000000000000e+06 -6.197056775615677332e-02
2.437193000000000000e+06 -1.010894435632209432e-01
2.437223000000000000e+06 -8.077041583819247195e-02
2.437254000000000000e+06 -7.621287690921411950e-02
2.437284000000000000e+06 -9.178446824989015818e-02
2.437315000000000000e+06 -4.620907896010663374e-02
2.437346000000000000e+06 -6.235036266690496820e-02
2.437374000000000000e+06 -3.443543672691255775e-02
2.437405000000000000e+06 -1.696487083249554814e-02
2.437435000000000000e+06 -7.545328708771772974e-02
2.437466000000000000e+06 -4.677877132622892953e-02
2.437496000000000000e+06 -5.760292628255251485e-02
2.437527000000000000e+06 -7.146544052486167309e-02
2.437558000000000000e+06 -6.918667106037250381e-02
2.437588000000000000e+06 -1.145721628947819204e-01
2.437619000000000000e+06 -9.672180208961668468e-02
2.437649000000000000e+06 -1.331821135214435181e-01
2.437680000000000000e+06 -2.199652506274062669e-01
2.437711000000000000e+06 -2.005957101792482933e-01
2.437739000000000000e+06 -1.529314488803497074e-01
2.437770000000000000e+06 -2.205349429935285765e-01
2.437800000000000000e+06 -1.874927857584355317e-01
2.437831000000000000e+06 -1.770484257128601413e-01
2.437861000000000000e+06 -1.472345252191267773e-01
2.437892000000000000e+06 -1.170408298146451975e-01
2.437923000000000000e+06 -1.179903170915156813e-01
2.437953000000000000e+06 -1.396386270041628519e-01
2.437984000000000000e+06 -1.312831389677025229e-01
2.438014000000000000e+06 -1.092550341443071643e-01
2.438045000000000000e+06 -1.540708336125942990e-01
2.438076000000000000e+06 -1.766686308021119534e-01
2.438104000000000000e+06 -1.487537048621195290e-01
2.438135000000000000e+06 -1.635657063812991918e-01
2.438165000000000000e+06 -1.088752392335589764e-01
2.438196000000000000e+06 -3.899297565589091713e-02
2.438226000000000000e+06 5.880421386176955256e-02
2.438257000000000000e+06 9.830288457958193116e-02
2.438288000000000000e+06 1.300157596270563043e-01
2.438318000000000000e+06 1.433085815032431598e-01
2.438349000000000000e+06 1.467267356999769068e-01
2.438379000000000000e+06 1.275470927071930272e-01
2.438410000000000000e+06 1.490055051644660900e-01
2.438441000000000000e+06 7.361621538094918760e-02
2.438470000000000000e+06 -6.880687614962430199e-02
2.438501000000000000e+06 -1.244468305742350150e-01
2.438531000000000000e+06 -2.549063824162403069e-01
2.438562000000000000e+06 -2.290803284853629718e-01
2.438592000000000000e+06 -2.809223338024917083e-01
2.438623000000000000e+06 -2.980131047861605542e-01
2.438654000000000000e+06 -2.615527933543337347e-01
2.438684000000000000e+06 -2.448418172814131044e-01
2.438715000000000000e+06 -2.476902791120245972e-01
2.438745000000000000e+06 -1.899614526782988089e-01
2.438776000000000000e+06 -1.195094967345084747e-01
2.438807000000000000e+06 -8.020072347207017616e-02
2.438835000000000000e+06 -7.051595324799118936e-02
2.438866000000000000e+06 -5.760920965423766207e-03
2.438896000000000000e+06 7.228693319333050205e-02
2.438927000000000000e+06 1.522337619058257707e-01
2.438957000000000000e+06 2.416754633870259461e-01
2.438988000000000000e+06 2.580066445491983607e-01
2.439019000000000000e+06 2.538289005309681823e-01
2.439049000000000000e+06 2.196473585636305736e-01
2.439080000000000000e+06 2.439542328515150738e-01
2.439110000000000000e+06 2.234453076711125363e-01
2.439141000000000000e+06 2.304715135199541243e-01
2.439172000000000000e+06 2.074939214196882820e-01
2.439200000000000000e+06 1.115957064557688005e-01
2.439231000000000000e+06 7.836365176530163401e-02
2.439261000000000000e+06 -5.152620771058138288e-02
2.439292000000000000e+06 -4.981713061221449551e-02
2.439322000000000000e+06 -3.975256547738730689e-02
2.439353000000000000e+06 1.474800421497881805e-02
2.439384000000000000e+06 -2.911830797643782248e-02
2.439414000000000000e+06 -2.114261485072570224e-02
2.439445000000000000e+06 -1.354671663576178207e-02
2.439475000000000000e+06 -5.209590007670367867e-02
2.439506000000000000e+06 -1.054570850368252016e-01
2.439537000000000000e+06 -1.882523755799319354e-01
2.439565000000000000e+06 -2.201551480827803886e-01
2.439596000000000000e+06 -2.146481218769315247e-01
2.439626000000000000e+06 -1.037480079384583281e-01
2.439657000000000000e+06 -5.893220847017120040e-02
2.439687000000000000e+06 -1.105843163319258499e-01
2.439718000000000000e+06 -8.912590387465278707e-02
2.439749000000000000e+06 -1.318528313338248326e-01
2.439779000000000000e+06 -1.421072939240261290e-01
2.439810000000000000e+06 -9.501272499124981119e-02
2.439840000000000000e+06 -8.551785222254491836e-02
2.439871000000000000e+06 -1.320427287891989265e-01
2.439902000000000000e+06 -1.557799107109611725e-01
2.439931000000000000e+06 -1.394487295487887579e-01
2.439962000000000000e+06 -1.998361203577519174e-01
2.439992000000000000e+06 -2.277510462977443140e-01
2.440023000000000000e+06 -1.652747834796660931e-01
2.440053000000000000e+06 -1.132428807071632348e-01
2.440084000000000000e+06 -3.424553927153846378e-02
2.440115000000000000e+06 2.861051845728796589e-02
2.440145000000000000e+06 6.962836881809313094e-02
2.440176000000000000e+06 9.754329475808552752e-02
2.440206000000000000e+06 5.196790546830201696e-02
2.440237000000000000e+06 1.095068344466537114e-01
2.440268000000000000e+06 1.434984789586172538e-01
2.440296000000000000e+06 6.829908663047444539e-02
2.440327000000000000e+06 9.925237185645241489e-02
2.440357000000000000e+06 1.115957064557688005e-01
2.440388000000000000e+06 1.385611451188906995e-01
2.440418000000000000e+06 7.532529247931607497e-02
2.440449000000000000e+06 2.633174899279880007e-02
2.440480000000000000e+06 2.025503042082766117e-02
2.440510000000000000e+06 8.425047288189868588e-02
2.440541000000000000e+06 1.119755013665169885e-01
2.440571000000000000e+06 6.146277823700691673e-02
2.440602000000000000e+06 5.443657238816529409e-02
2.440633000000000000e+06 6.431124006761838874e-02
2.440661000000000000e+06 2.405297952830962038e-02
2.440692000000000000e+06 -1.772446065399193790e-02
2.440722000000000000e+06 -3.614451382527944512e-02
2.440753000000000000e+06 -1.331821135214435181e-01
2.440783000000000000e+06 -2.176864811629170837e-01
2.440814000000000000e+06 -2.066724287512194391e-01
2.440845000000000000e+06 -2.505387409426360623e-01
2.440875000000000000e+06 -2.205349429935285765e-01
2.440906000000000000e+06 -2.195854557166580789e-01
2.440936000000000000e+06 -2.461710994690318177e-01
2.440967000000000000e+06 -2.463609969244058839e-01
2.440998000000000000e+06 -3.038999259027575506e-01
2.441026000000000000e+06 -3.627681370687279583e-01
2.441057000000000000e+06 -3.728327022035551885e-01
2.441087000000000000e+06 -2.919363862141893806e-01
2.441118000000000000e+06 -2.820617185347363276e-01
2.441148000000000000e+06 -2.467407918351540719e-01
2.441179000000000000e+06 -2.457913045582836020e-01
2.441210000000000000e+06 -2.909868989373189385e-01
2.441240000000000000e+06 -2.833910007223550132e-01
2.441271000000000000e+06 -2.647810500956934154e-01
2.441301000000000000e+06 -2.017350949114928849e-01
2.441332000000000000e+06 -1.269154974940982783e-01
2.441363000000000000e+06 -9.330364789288293770e-02
2.441392000000000000e+06 -6.880687614962430199e-02
2.441423000000000000e+06 -5.019692552296269733e-02
2.441453000000000000e+06 6.355165024612199898e-02
2.441484000000000000e+06 1.712235074432355564e-01
2.441514000000000000e+06 3.286484979483628166e-01
2.441545000000000000e+06 3.294080877698591925e-01
2.441576000000000000e+06 2.811741341048383247e-01
2.441606000000000000e+06 2.988345974546294248e-01
2.441637000000000000e+06 3.126971116969385900e-01
2.441667000000000000e+06 3.216222920995211454e-01
2.441698000000000000e+06 3.094688549555789092e-01
2.441729000000000000e+06 2.699701842377665306e-01
2.441757000000000000e+06 1.455873509677323152e-01
2.441788000000000000e+06 7.209703573795639420e-02
2.441818000000000000e+06 -3.595461636990534421e-02
2.441849000000000000e+06 -1.559698081663352665e-01
2.441879000000000000e+06 -2.184460709844134874e-01
2.441910000000000000e+06 -2.689587941139235383e-01
2.441941000000000000e+06 -3.428289042544476750e-01
2.441971000000000000e+06 -3.310552620212535713e-01
2.442002000000000000e+06 -2.991524895184051180e-01
2.442032000000000000e+06 -3.644772141670948318e-01
2.442063000000000000e+06 -3.808083953292673018e-01
2.442094000000000000e+06 -3.534631617553971594e-01
2.442122000000000000e+06 -3.532732643000230377e-01
2.442153000000000000e+06 -3.297259798336349412e-01
2.442183000000000000e+06 -2.192056608059098632e-01
2.442214000000000000e+06 -1.436264735670189086e-01
2.442244000000000000e+06 -1.603374496399395388e-01
2.442275000000000000e+06 -1.409679091917815374e-01
2.442306000000000000e+06 -1.314730364230766446e-01
2.442336000000000000e+06 -2.135087371446869331e-01
2.442367000000000000e+06 -2.512983307641324382e-01
2.442397000000000000e+06 -1.859736061154427522e-01
2.442428000000000000e+06 -1.168509323592710897e-01
2.442459000000000000e+06 -1.271053949494723723e-01
2.442487000000000000e+06 -1.846443239278240667e-01
2.442518000000000000e+06 -1.998361203577519174e-01
2.442548000000000000e+06 -1.774282206236083292e-01
2.442579000000000000e+06 -2.294601233961111875e-01
2.442609000000000000e+06 -3.021908488043906771e-01
2.442640000000000000e+06 -3.413097246114548677e-01
2.442671000000000000e+06 -3.696044454621955078e-01
2.442701000000000000e+06 -3.914426528302167863e-01
2.442732000000000000e+06 -3.496652126479152245e-01
2.442762000000000000e+06 -3.466268533619296099e-01
2.442793000000000000e+06 -3.190917223326854013e-01
2.442824000000000000e+06 -2.771243846950097733e-01
2.442853000000000000e+06 -2.520579205856288141e-01
2.442884000000000000e+06 -2.418034579954275454e-01
2.442914000000000000e+06 -1.100146239658035680e-01
2.442945000000000000e+06 4.038416069048204188e-02
2.442975000000000000e+06 1.026705260531861896e-01
2.443006000000000000e+06 1.106462191788983029e-01
2.443037000000000000e+06 1.843264318640483179e-01
2.443067000000000000e+06 1.679952507018758756e-01
2.443098000000000000e+06 7.931313904217213162e-02
2.443128000000000000e+06 8.956760163237341421e-02
2.443159000000000000e+06 8.273129323890589248e-02
2.443190000000000000e+06 3.734580140449646896e-02
2.443218000000000000e+06 8.671285643007682620e-03
2.443249000000000000e+06 8.576965252489146541e-02
2.443279000000000000e+06 4.266293015497121810e-02
2.443310000000000000e+06 6.640011207673346405e-02
2.443340000000000000e+06 1.509044797182070852e-01
2.443371000000000000e+06 1.163431428401212331e-01
2.443402000000000000e+06 1.387510425742647935e-01
2.443432000000000000e+06 1.752113540060916130e-01
2.443463000000000000e+06 1.702740201663650588e-01
2.443493000000000000e+06 1.488156077090919960e-01
2.443524000000000000e+06 1.298258621716822103e-01
2.443555000000000000e+06 1.554620186471854237e-01
2.443583000000000000e+06 1.600195575761637901e-01
2.443614000000000000e+06 1.854595332246077727e-02
2.443644000000000000e+06 -9.007539115152327081e-02
2.443675000000000000e+06 -1.269154974940982783e-01
2.443705000000000000e+06 -9.767128936648718229e-02
2.443736000000000000e+06 -5.228579753207777264e-02
2.443767000000000000e+06 -8.684713441016360391e-02
2.443797000000000000e+06 -1.715476828786964558e-02
2.443828000000000000e+06 2.082472278694995349e-02
2.443858000000000000e+06 5.937390622789184835e-02
2.443889000000000000e+06 9.773319221345963537e-02
2.443920000000000000e+06 5.424667493279119318e-02
2.443948000000000000e+06 -1.962343520773291924e-02
2.443979000000000000e+06 3.772559631524466384e-02
2.444009000000000000e+06 5.481636729891348897e-02
2.444040000000000000e+06 6.829908663047444539e-02
2.444070000000000000e+06 5.766482912952496098e-02
2.444101000000000000e+06 1.032402184193084715e-01
2.444132000000000000e+06 1.343834011006605489e-01
2.444162000000000000e+06 1.140643733756320499e-01
2.444193000000000000e+06 1.264077079749484356e-01
2.444223000000000000e+06 1.729325845416024299e-01
2.444254000000000000e+06 1.108361166342723969e-01
2.444285000000000000e+06 9.640391002584094982e-02
2.444314000000000000e+06 1.131148860987615662e-01
2.444345000000000000e+06 1.583104804777968888e-01
2.444375000000000000e+06 1.657164812373867202e-01
2.444406000000000000e+06 1.590700702992932924e-01
2.444436000000000000e+06 1.281167850733153091e-01
2.444467000000000000e+06 4.854975127156824916e-02
2.444498000000000000e+06 3.962457086898564518e-02
2.444528000000000000e+06 2.462267189443191617e-02
2.444559000000000000e+06 3.354785229701452015e-02
2.444589000000000000e+06 3.354156892532937379e-03
2.444620000000000000e+06 -6.519882449751643327e-02
2.444651000000000000e+06 -4.431010440636565934e-02
2.444679000000000000e+06 6.886877899659674118e-02
2.444710000000000000e+06 1.096967319020278192e-01
2.444740000000000000e+06 1.816615841171257892e-02
2.444771000000000000e+06 -1.696487083249554814e-02
2.444801000000000000e+06 -2.285169194909258267e-02
2.444832000000000000e+06 -3.139707744092699176e-02
2.444863000000000000e+06 2.196410751919453813e-02
2.444893000000000000e+06 7.342003455388996201e-03
2.444924000000000000e+06 -2.171230721684799803e-02
2.444954000000000000e+06 -4.165154003112828823e-02
2.444985000000000000e+06 -6.671800414050922667e-02
2.445016000000000000e+06 -4.146164257575418732e-02
2.445044000000000000e+06 1.834977249540152219e-03
2.445075000000000000e+06 -1.525579373412866598e-02
2.445105000000000000e+06 6.677990698748166587e-02
2.445136000000000000e+06 1.621084295852788515e-01
2.445166000000000000e+06 2.885801348644281283e-01
2.445197000000000000e+06 3.252303437516290696e-01
2.445228000000000000e+06 3.307373699574778780e-01
2.445258000000000000e+06 3.736541948720240036e-01
2.445289000000000000e+06 4.458152279141812113e-01
2.445319000000000000e+06 4.427768686281955968e-01
2.445350000000000000e+06 4.906310273824683321e-01
2.445381000000000000e+06 5.388649810474892554e-01
2.445409000000000000e+06 5.542466749327912279e-01
2.445440000000000000e+06 5.155075940364751697e-01
2.445470000000000000e+06 4.642352810854686873e-01
2.445501000000000000e+06 4.104943012145989556e-01
2.445531000000000000e+06 3.225717793763916985e-01
2.445562000000000000e+06 2.071141265089400940e-01
2.445593000000000000e+06 7.855354922067574186e-02
2.445623000000000000e+06 -7.090203153042451759e-03
2.445654000000000000e+06 -3.956266802201320598e-02
2.445684000000000000e+06 -5.000702806758859642e-02
2.445715000000000000e+06 -7.735226164145871108e-02
2.445746000000000000e+06 -1.143822654394078125e-01
2.445775000000000000e+06 8.671285643007682620e-03
2.445806000000000000e+06 5.310729020054660854e-02
2.445836000000000000e+06 1.816615841171257892e-02
2.445867000000000000e+06 -2.209210212759619291e-02
2.445897000000000000e+06 -2.797892324419323090e-02
2.445928000000000000e+06 -4.393030949561746445e-02
2.445959000000000000e+06 -3.386574436079026890e-02
2.445989000000000000e+06 -1.278712681426539231e-02
2.446020000000000000e+06 -8.077041583819247195e-02
2.446050000000000000e+06 -1.288144720478392458e-01
2.446081000000000000e+06 -1.214084712882494560e-01
2.446112000000000000e+06 -1.271053949494723723e-01
2.446140000000000000e+06 -1.523617565142273977e-01
2.446171000000000000e+06 -1.073560595905661830e-01
2.446201000000000000e+06 -1.535011412464719893e-01
2.446232000000000000e+06 -4.431010440636565934e-02
2.446262000000000000e+06 -4.165154003112828823e-02
2.446293000000000000e+06 -8.418857003492623281e-02
2.446324000000000000e+06 -1.141923679840337186e-01
2.446354000000000000e+06 -4.032225784350960268e-02
2.446385000000000000e+06 -2.570015377970405468e-02
2.446415000000000000e+06 -7.070585070336528333e-02
2.446446000000000000e+06 -7.336441507860265443e-02
2.446477000000000000e+06 -5.247569498745187355e-02
2.446505000000000000e+06 -1.240733190351719570e-02
2.446536000000000000e+06 -3.652430873602764000e-02
2.446566000000000000e+06 4.968913600381284074e-02
2.446597000000000000e+06 3.943467341361155121e-02
2.446627000000000000e+06 5.861431640639545165e-02
2.446658000000000000e+06 1.317248367254231778e-01
2.446689000000000000e+06 1.942010995435014542e-01
2.446719000000000000e+06 1.725527896308542419e-01
2.446750000000000000e+06 1.512842746289552731e-01
2.446780000000000000e+06 2.105322807056738410e-01
2.446811000000000000e+06 2.194574611082564797e-01
2.446842000000000000e+06 2.135706399916594278e-01
2.446870000000000000e+06 3.092789575002047875e-01
2.446901000000000000e+06 3.352949088864562444e-01
2.446931000000000000e+06 3.875167091143331133e-01
2.446962000000000000e+06 3.573230137098516446e-01
2.446992000000000000e+06 3.389029605385640576e-01
2.447023000000000000e+06 3.626401424603263868e-01
2.447054000000000000e+06 3.440301918336647335e-01
2.447084000000000000e+06 2.995941872761258007e-01
2.447115000000000000e+06 2.264836669570980954e-01
2.447145000000000000e+06 2.278129491447167532e-01
2.447176000000000000e+06 1.940112020881273325e-01
2.447207000000000000e+06 1.182421173938622144e-01
2.447236000000000000e+06 7.551518993469016894e-02
2.447267000000000000e+06 5.576585457578397964e-02
2.447297000000000000e+06 1.949544059933126794e-02
2.447328000000000000e+06 -1.233074458419904373e-01
2.447358000000000000e+06 -2.279409437531183802e-01
2.447389000000000000e+06 -2.615527933543337347e-01
2.447420000000000000e+06 -3.027605411705129868e-01
2.447450000000000000e+06 -2.670598195601825431e-01
2.447481000000000000e+06 -2.925060785803117458e-01
2.447511000000000000e+06 -2.666800246494343551e-01
2.447542000000000000e+06 -2.271813539316220043e-01
2.447573000000000000e+06 -2.533872027732475551e-01
2.447601000000000000e+06 -2.178763786182912054e-01
2.447632000000000000e+06 -1.626162191044286942e-01
2.447662000000000000e+06 -9.406323771437934134e-02
2.447693000000000000e+06 -5.874231101479709949e-02
2.447723000000000000e+06 -9.919046900947996181e-02
2.447754000000000000e+06 -1.086853417781848685e-01
2.447785000000000000e+06 -7.222503034635806285e-02
2.447815000000000000e+06 -7.830174891832919482e-02
2.447846000000000000e+06 -2.873851306568962413e-02
2.447876000000000000e+06 7.152106000014897894e-03
2.447907000000000000e+06 2.842062100191386845e-02
2.447938000000000000e+06 9.108678127536619373e-02
2.447966000000000000e+06 1.638175066836457250e-01
2.447997000000000000e+06 7.133744591646000444e-02
2.448027000000000000e+06 1.072280649821645421e-01
2.448058000000000000e+06 8.235149832815770454e-02
2.448088000000000000e+06 1.095005510749685537e-02
2.448119000000000000e+06 9.810670375252267261e-03
2.448150000000000000e+06 5.785472658489906189e-02
2.448180000000000000e+06 3.981446832435974609e-02
2.448211000000000000e+06 5.823452149564725677e-02
2.448241000000000000e+06 5.101841819143152629e-02
2.448272000000000000e+06 4.285282761034531901e-02
2.448303000000000000e+06 4.361241743184170877e-02
2.448331000000000000e+06 5.861431640639545165e-02
2.448362000000000000e+06 6.848898408584855324e-02
2.448392000000000000e+06 1.243188359658333464e-01
2.448423000000000000e+06 1.862254064177893131e-01
2.448453000000000000e+06 1.805284827565663552e-01
2.448484000000000000e+06 1.780598158367030781e-01
2.448515000000000000e+06 1.300157596270563043e-01
2.448545000000000000e+06 1.780598158367030781e-01
2.448576000000000000e+06 2.105322807056738410e-01
2.448606000000000000e+06 2.367381295472993918e-01
2.448637000000000000e+06 3.140263938845572755e-01
2.448668000000000000e+06 3.404221401815568648e-01
2.448697000000000000e+06 3.603613729958372036e-01
2.448728000000000000e+06 4.110639935807212653e-01
2.448758000000000000e+06 3.833389650961029904e-01
2.448789000000000000e+06 3.145960862506795297e-01
2.448819000000000000e+06 1.812880725780627589e-01
2.448850000000000000e+06 9.241606346298487928e-02
2.448881000000000000e+06 8.064242122979081717e-02
2.448911000000000000e+06 1.081775522590350258e-01
2.448942000000000000e+06 9.526452529359635824e-02
2.448972000000000000e+06 1.083674497144091337e-01
2.449003000000000000e+06 1.136845784648838481e-01
2.449034000000000000e+06 1.702740201663650588e-01
2.449062000000000000e+06 1.702740201663650588e-01
2.449093000000000000e+06 2.513602336111049329e-01
2.449123000000000000e+06 3.656785017463119458e-01
2.449154000000000000e+06 2.927578788826583067e-01
2.449184000000000000e+06 2.112918705271702446e-01
2.449215000000000000e+06 1.816678674888109468e-01
2.449246000000000000e+06 1.742618667292211154e-01
2.449276000000000000e+06 1.892637657037748722e-01
2.449307000000000000e+06 1.433085815032431598e-01
2.449337000000000000e+06 9.526452529359635824e-02
2.449368000000000000e+06 4.911944363769054495e-02
2.449399000000000000e+06 1.892574823320897215e-02
2.449427000000000000e+06 1.208943983974144522e-02
2.449458000000000000e+06 7.209703573795639420e-02
2.449488000000000000e+06 9.336555073985537689e-02
2.449519000000000000e+06 1.378015552973942959e-01
2.449549000000000000e+06 1.545125313703149261e-01
2.449580000000000000e+06 1.309652469039267741e-01
2.449611000000000000e+06 1.590700702992932924e-01
2.449641000000000000e+06 2.551581827185869233e-01
2.449672000000000000e+06 2.314210007968246496e-01
2.449702000000000000e+06 2.198372560190046399e-01
2.449733000000000000e+06 2.137605374470335495e-01
2.449764000000000000e+06 1.643871990497680069e-01
2.449792000000000000e+06 1.442580687801136297e-01
2.449823000000000000e+06 7.133744591646000444e-02
2.449853000000000000e+06 9.165647364148848952e-02
2.449884000000000000e+06 8.292119069428000033e-02
2.449914000000000000e+06 2.671154390354699495e-02
2.449945000000000000e+06 -4.241112985262467799e-02
2.449976000000000000e+06 -9.672180208961668468e-02
2.450006000000000000e+06 -1.052671875814511077e-01
2.450037000000000000e+06 -1.056469824921993095e-01
2.450067000000000000e+06 -1.196993941898825686e-01
2.450098000000000000e+06 -1.310932415123284289e-01
2.450129000000000000e+06 -1.252064203957314048e-01
2.450158000000000000e+06 -6.292005503302726399e-02
2.450189000000000000e+06 -9.102487842839376841e-02
2.450219000000000000e+06 -2.607994869045224956e-02
2.450250000000000000e+06 3.354156892532937379e-03
2.450280000000000000e+06 -5.057672043371089221e-02
2.450311000000000000e+06 -8.570774967791901233e-02
2.450342000000000000e+06 -9.862077664335766602e-02
2.450372000000000000e+06 -8.190980057043706353e-02
2.450403000000000000e+06 -4.317071967412107469e-02
2.450433000000000000e+06 -7.944113365057378640e-02
2.450464000000000000e+06 -1.088752392335589764e-01
2.450495000000000000e+06 -1.326124211553212084e-01
2.450523000000000000e+06 -6.557861940826463509e-02
2.450554000000000000e+06 8.538985761414327746e-02
2.450584000000000000e+06 1.987586384724797650e-01
2.450615000000000000e+06 4.165710197865701292e-01
2.450645000000000000e+06 5.191156456885830384e-01
2.450676000000000000e+06 5.589941113171436049e-01
2.450707000000000000e+06 5.627920604246255953e-01
2.450737000000000000e+06 4.423970737174474643e-01
2.450768000000000000e+06 4.667039480053320477e-01
2.450798000000000000e+06 4.273951747428936798e-01
2.450829000000000000e+06 4.484737922894185824e-01
2.450860000000000000e+06 5.096207729198781733e-01
2.450888000000000000e+06 5.054430289016479394e-01
2.450919000000000000e+06 4.875926680964827731e-01
2.450949000000000000e+06 4.070761470178652641e-01
2.450980000000000000e+06 2.397764888332849786e-01
2.451010000000000000e+06 5.671534185265447031e-02
2.451041000000000000e+06 -7.830174891832919482e-02
2.451072000000000000e+06 -1.316629338784507386e-01
2.451102000000000000e+06 -1.675535529441552485e-01
2.451133000000000000e+06 -2.207248404489026705e-01
2.451163000000000000e+06 -1.901513501336729306e-01
2.451194000000000000e+06 -2.150279167876797126e-01
2.451225000000000000e+06 -2.309793030391039670e-01
2.451253000000000000e+06 -2.021148898222410728e-01
2.451284000000000000e+06 -1.892018628568024330e-01
2.451314000000000000e+06 -1.318528313338248326e-01
2.451345000000000000e+06 -7.659267181996232132e-02
2.451375000000000000e+06 -1.083055468674366806e-01
2.451406000000000000e+06 -1.554001158002129845e-01
2.451437000000000000e+06 -1.956583763395217390e-01
2.451467000000000000e+06 -1.988866330808813920e-01
2.451498000000000000e+06 -2.135087371446869331e-01
2.451528000000000000e+06 -2.345873546912118079e-01
2.451559000000000000e+06 -2.307894055837298730e-01
2.451590000000000000e+06 -2.435125350937944466e-01
2.451619000000000000e+06 -2.290803284853629718e-01
2.451650000000000000e+06 -9.539251990199799913e-02
2.451680000000000000e+06 3.107918537715124302e-02
2.451711000000000000e+06 -1.392651154650997869e-02
2.451741000000000000e+06 -4.753836114772531929e-02
2.451772000000000000e+06 -4.222123239725058402e-02
2.451803000000000000e+06 -5.760292628255251485e-02
2.451833000000000000e+06 -8.741682677628589970e-02
2.451864000000000000e+06 -1.508425768712346182e-01
2.451894000000000000e+06 -1.221680611097458458e-01
2.451925000000000000e+06 -1.119135985195445493e-01
2.451956000000000000e+06 -1.409679091917815374e-01
2.451984000000000000e+06 -1.240670356634868271e-01
2.452015000000000000e+06 -2.816882069956732834e-02
2.452045000000000000e+06 3.696600649374827408e-02
2.452076000000000000e+06 -4.241741322430983216e-03
2.452106000000000000e+06 3.905487850286335633e-02
2.452137000000000000e+06 4.873964872694235007e-02
2.452168000000000000e+06 -4.563938659398433795e-02
2.452198000000000000e+06 -6.614831177438693088e-02
2.452229000000000000e+06 -4.393030949561746445e-02
2.452259000000000000e+06 -1.145784462664670503e-02
2.452290000000000000e+06 -1.449620391263227275e-02
2.452321000000000000e+06 -4.810805351384761508e-02
2.452349000000000000e+06 -4.070205275425779756e-02
2.452380000000000000e+06 6.089308587088462094e-02
2.452410000000000000e+06 1.514741720843293671e-01
2.452441000000000000e+06 1.617286346745306358e-01
2.452471000000000000e+06 1.182421173938622144e-01
2.452502000000000000e+06 1.769204311044584865e-01
2.452533000000000000e+06 1.571710957455523250e-01
2.452563000000000000e+06 1.759709438275880167e-01
2.452594000000000000e+06 1.913526377128899614e-01
2.452624000000000000e+06 2.017969977584653241e-01
2.452655000000000000e+06 2.128110501701630242e-01
2.452686000000000000e+06 1.615387372191565418e-01
2.452714000000000000e+06 1.404601196726316670e-01
2.452745000000000000e+06 6.222236805850330649e-02
2.452775000000000000e+06 2.291359479606502880e-02
2.452806000000000000e+06 7.152106000014897894e-03
2.452836000000000000e+06 1.607728640259750014e-02
2.452867000000000000e+06 4.475180216408630035e-02
2.452898000000000000e+06 7.570508739006426291e-02
2.452928000000000000e+06 8.368078051577639009e-02
2.452959000000000000e+06 9.317565328448126905e-02
2.452989000000000000e+06 5.101841819143152629e-02
2.453020000000000000e+06 4.532149453020859614e-02
2.453051000000000000e+06 5.253759783442431275e-02
2.453080000000000000e+06 -2.437087159208536566e-02
2.453111000000000000e+06 5.329718765592070251e-02
2.453141000000000000e+06 8.861811435550294436e-02
2.453172000000000000e+06 4.437200725333810547e-02
2.453202000000000000e+06 9.127667873074028770e-02
2.453233000000000000e+06 1.036200133300566734e-01
2.453264000000000000e+06 9.450493547209996847e-02
2.453294000000000000e+06 8.178180596203540875e-02
2.453325000000000000e+06 1.376116578420202019e-01
2.453355000000000000e+06 1.121653988218910963e-01
2.453386000000000000e+06 4.399221234258990365e-02
2.453417000000000000e+06 1.372318629312720140e-01
2.453445000000000000e+06 1.848961242301705998e-01
2.453476000000000000e+06 1.032402184193084715e-01
2.453506000000000000e+06 1.518539669950775550e-01
2.453537000000000000e+06 9.849278203495602513e-02
2.453567000000000000e+06 8.083231868516491114e-02
2.453598000000000000e+06 5.101841819143152629e-02
2.453629000000000000e+06 4.475180216408630035e-02
2.453659000000000000e+06 -4.658887387085482862e-02
2.453690000000000000e+06 -8.874610896390458525e-02
2.453720000000000000e+06 -1.221680611097458458e-01
2.453751000000000000e+06 -9.900057155410586784e-02
2.453782000000000000e+06 -9.634200717886849674e-02
2.453810000000000000e+06 -1.178004196361415873e-01
2.453841000000000000e+06 -1.269154974940982783e-01
2.453871000000000000e+06 -9.558870072905727155e-03
2.453902000000000000e+06 8.595954998026557325e-02
2.453932000000000000e+06 1.186219123046104024e-01
2.453963000000000000e+06 1.284965799840635248e-01
2.453994000000000000e+06 1.417894018602503525e-01
2.454024000000000000e+06 1.676154557911276877e-01
2.454055000000000000e+06 2.285725389662131568e-01
2.454085000000000000e+06 1.655265837820125985e-01
2.454116000000000000e+06 1.693245328894945612e-01
2.454147000000000000e+06 8.425047288189868588e-02
2.454175000000000000e+06 5.063233990899818245e-03
2.454206000000000000e+06 -1.392651154650997869e-02
2.454236000000000000e+06 4.949923854843873983e-02
2.454267000000000000e+06 -4.355051458486926957e-02
2.454297000000000000e+06 -6.462913213139413748e-02
2.454328000000000000e+06 -9.881067409873177387e-02
2.454359000000000000e+06 -2.408539707185570755e-01
2.454389000000000000e+06 -2.463609969244058839e-01
2.454420000000000000e+06 -2.359166368788305213e-01
2.454450000000000000e+06 -2.414236630846793297e-01
2.454481000000000000e+06 -2.087613007603345006e-01
2.454512000000000000e+06 -2.780738719718802709e-01
2.454541000000000000e+06 -3.175725426896926495e-01
2.454572000000000000e+06 -1.846443239278240667e-01
2.454602000000000000e+06 -8.399867257955213884e-02
2.454633000000000000e+06 1.341872202736013250e-02
2.454663000000000000e+06 -8.235871256972193168e-04
2.454694000000000000e+06 -6.557861940826463509e-02
2.454725000000000000e+06 -1.212185738328753482e-01
2.454755000000000000e+06 -1.470446277637526833e-01
2.454786000000000000e+06 -1.286245745924651518e-01
2.454816000000000000e+06 -1.403982168256592555e-01
2.454847000000000000e+06 -1.533112437910978954e-01
2.454878000000000000e+06 -1.487537048621195290e-01
2.454906000000000000e+06 -1.550203208894647688e-01
2.454937000000000000e+06 -3.766369346827222464e-02
2.454967000000000000e+06 4.456190470871219944e-02
2.454998000000000000e+06 1.302056570824303983e-01
2.455028000000000000e+06 1.835668420425519420e-01
2.455059000000000000e+06 1.860355089624151914e-01
2.455090000000000000e+06 1.237491435997110506e-01
2.455120000000000000e+06 1.577407881116746069e-01
2.455151000000000000e+06 1.976192537402351734e-01
2.455181000000000000e+06 1.833769445871778203e-01
2.455212000000000000e+06 1.847062267747965336e-01
2.455243000000000000e+06 2.720590562468815921e-01
2.455271000000000000e+06 2.612349012905580414e-01
2.455302000000000000e+06 1.702740201663650588e-01
2.455332000000000000e+06 1.091270395359055234e-01
2.455363000000000000e+06 -5.779282373792660882e-02
2.455393000000000000e+06 -2.264217641101256007e-01
2.455424000000000000e+06 -3.333340314857427544e-01
2.455455000000000000e+06 -3.709337276498141933e-01
2.455485000000000000e+06 -3.762508564002888800e-01
2.455516000000000000e+06 -2.972535149646641783e-01
2.455546000000000000e+06 -3.135846961268365929e-01
2.455577000000000000e+06 -3.441581864420663606e-01
2.455608000000000000e+06 -3.109261317515992218e-01
2.455636000000000000e+06 -3.168129528681962181e-01
2.455667000000000000e+06 -2.833910007223550132e-01
2.455697000000000000e+06 -5.608374663955973533e-02
2.455728000000000000e+06 -1.468610136800637192e-02
2.455758000000000000e+06 -5.399487463044466001e-02
2.455789000000000000e+06 -1.130529832517891270e-01
2.455820000000000000e+06 -1.603374496399395388e-01
2.455850000000000000e+06 -1.918604272320397763e-01
2.455881000000000000e+06 -1.948987865180253631e-01
2.455911000000000000e+06 -1.971775559825145185e-01
2.455942000000000000e+06 -2.038239669206079463e-01
2.455973000000000000e+06 -1.459052430315080917e-01
2.456002000000000000e+06 -9.330364789288293770e-02
2.456033000000000000e+06 3.544054347907035687e-03
2.456063000000000000e+06 1.283066825286894030e-01
2.456094000000000000e+06 1.467267356999769068e-01
2.456124000000000000e+06 1.964798690079905819e-01
2.456155000000000000e+06 1.015311413209415980e-01
2.456186000000000000e+06 4.892954618231644404e-02
2.456216000000000000e+06 6.955925172955658431e-04
2.456247000000000000e+06 9.051080553755874031e-03
2.456277000000000000e+06 3.354156892532937379e-03
2.456308000000000000e+06 1.834977249540152219e-03
2.456339000000000000e+06 -3.063748761943060547e-02
2.456367000000000000e+06 -2.475066650283356401e-02
2.456398000000000000e+06 3.157976065473696073e-04
2.456428000000000000e+06 2.082472278694995349e-02
2.456459000000000000e+06 -3.253646217317158335e-02
2.456489000000000000e+06 -7.678256927533641529e-02
2.456520000000000000e+06 -1.062166748583215914e-01
2.456551000000000000e+06 -4.146164257575418732e-02
2.456581000000000000e+06 1.038036274137456132e-02
2.456612000000000000e+06 -2.570015377970405468e-02
2.456642000000000000e+06 -6.216046521153086729e-02
2.456673000000000000e+06 -6.899677360499839596e-02
2.456704000000000000e+06 -6.690790159588332064e-02
2.456732000000000000e+06 -1.259722935889129487e-02
2.456763000000000000e+06 4.152354542272662652e-02
2.456793000000000000e+06 1.740719692738470215e-01
2.456824000000000000e+06 1.829971496764296046e-01
2.456854000000000000e+06 1.571710957455523250e-01
2.456885000000000000e+06 1.647669939605162226e-01
2.456916000000000000e+06 9.488473038284815642e-02
2.456946000000000000e+06 6.772939426435214960e-02
2.456977000000000000e+06 1.290662723501858067e-01
2.457007000000000000e+06 8.975749908774750818e-02
2.457038000000000000e+06 6.146277823700691673e-02
2.457069000000000000e+06 7.038795863958953458e-02
2.457097000000000000e+06 1.021008336870638938e-01
2.457128000000000000e+06 1.613488397637824479e-01
2.457158000000000000e+06 2.845922883015720717e-01
2.457189000000000000e+06 3.812500930869879290e-01
2.457219000000000000e+06 3.596017831743407722e-01
2.457250000000000000e+06 4.313830213057497920e-01
2.457281000000000000e+06 4.630958963532241235e-01
2.457311000000000000e+06 4.106841986699730773e-01
2.457342000000000000e+06 4.190396867064333786e-01
2.457372000000000000e+06 3.848581447390957977e-01
2.457403000000000000e+06 4.030883004550092075e-01
2.457434000000000000e+06 3.943530175078006628e-01
2.457463000000000000e+06 3.590320908082184626e-01
2.457494000000000000e+06 3.856177345605921736e-01
2.457524000000000000e+06 3.183940353581615201e-01
2.457555000000000000e+06 1.852759191409187878e-01
2.457585000000000000e+06 4.949923854843873983e-02
2.457616000000000000e+06 1.759646604559028660e-02
2.457647000000000000e+06 -3.500512909303485354e-02
2.457677000000000000e+06 -8.665723695478950994e-02
2.457708000000000000e+06 -5.513425936268924465e-02
2.457738000000000000e+06 -3.861318074514271531e-02
2.457769000000000000e+06 -2.759912833344503602e-02
2.457800000000000000e+06 -2.589005123507815212e-02
2.457828000000000000e+06 -3.291625708391977823e-02
2.457859000000000000e+06 1.284965799840635248e-01
2.457889000000000000e+06 2.585763369153206703e-01
2.457920000000000000e+06 1.814779700334368251e-01
2.457950000000000000e+06 6.981826627346723879e-02
2.457981000000000000e+06 -1.259722935889129487e-02
2.458012000000000000e+06 -1.029884181169619245e-01
2.458042000000000000e+06 -1.223579585651199397e-01
2.458073000000000000e+06 -7.032605579261709539e-02
2.458103000000000000e+06 -1.271053949494723723e-01
