     -1.03000
     -1.13300
     -1.31200
     -1.09800
     -1.44500
     -1.37600
     -1.26700
     -1.03000
    -0.597000
    -0.406000
     -1.13800
     -1.23500
     -1.04900
     -1.15200
     -1.20400
    -0.544000
    -0.374000
     0.319000
     0.676000
     0.842000
     0.773000
     0.768000
     0.726000
     0.504000
     0.433000
     0.138000
    0.0470000
     0.198000
    -0.307000
    -0.722000
    -0.307000
    -0.358000
     0.347000
     0.306000
    -0.328000
   -0.0980000
    0.0440000
     0.401000
     0.257000
     0.668000
     0.773000
     0.226000
     0.379000
     0.228000
     0.527000
     0.124000
    0.0990000
     0.351000
   -0.0360000
   -0.0270000
     0.147000
    -0.634000
     -1.47800
     -1.52800
     -1.35600
     -1.44600
     -1.13800
     -1.32000
     -1.11300
     -1.08800
    -0.740000
    -0.669000
     -1.14700
     -1.66200
     -1.66300
     -2.20900
     -1.97700
     -2.04300
     -1.80300
     -1.72500
     -1.81300
     -1.84600
     -1.40800
     -1.27500
     -1.39900
     -1.24800
     -1.31600
     -1.49000
     -1.24500
     -1.10600
     -1.32700
     -1.46100
     -1.01400
    -0.993000
    -0.915000
    -0.348000
     0.101000
     0.372000
     0.826000
     0.753000
     0.924000
      1.15700
      1.15800
      1.11400
      1.16700
      1.26800
      1.47300
      1.45400
      1.32000
     0.987000
     0.685000
     0.841000
     0.700000
     0.442000
     0.209000
     0.237000
     0.501000
     0.691000
     0.553000
     0.810000
     0.495000
     0.192000
   -0.0260000
   -0.0360000
    -0.112000
     0.130000
     0.126000
   -0.0380000
    -0.151000
    -0.247000
    -0.287000
    -0.253000
   -0.0940000
  -0.00500000
    -0.321000
    -0.254000
    -0.318000
    -0.233000
    -0.439000
    -0.332000
    -0.308000
    -0.390000
    -0.150000
    -0.235000
   -0.0880000
   0.00400000
    -0.304000
    -0.153000
    -0.210000
    -0.283000
    -0.271000
    -0.510000
    -0.416000
    -0.608000
     -1.06500
    -0.963000
    -0.712000
     -1.06800
    -0.894000
    -0.839000
    -0.682000
    -0.523000
    -0.528000
    -0.642000
    -0.598000
    -0.482000
    -0.718000
    -0.837000
    -0.690000
    -0.768000
    -0.480000
    -0.112000
     0.403000
     0.611000
     0.778000
     0.848000
     0.866000
     0.765000
     0.878000
     0.481000
    -0.269000
    -0.562000
     -1.24900
     -1.11300
     -1.38600
     -1.47600
     -1.28400
     -1.19600
     -1.21100
    -0.907000
    -0.536000
    -0.329000
    -0.278000
    0.0630000
     0.474000
     0.895000
      1.36600
      1.45200
      1.43000
      1.25000
      1.37800
      1.27000
      1.30700
      1.18600
     0.681000
     0.506000
    -0.178000
    -0.169000
    -0.116000
     0.171000
   -0.0600000
   -0.0180000
    0.0220000
    -0.181000
    -0.462000
    -0.898000
     -1.06600
     -1.03700
    -0.453000
    -0.217000
    -0.489000
    -0.376000
    -0.601000
    -0.655000
    -0.407000
    -0.357000
    -0.602000
    -0.727000
    -0.641000
    -0.959000
     -1.10600
    -0.777000
    -0.503000
   -0.0870000
     0.244000
     0.460000
     0.607000
     0.367000
     0.670000
     0.849000
     0.453000
     0.616000
     0.681000
     0.823000
     0.490000
     0.232000
     0.200000
     0.537000
     0.683000
     0.417000
     0.380000
     0.432000
     0.220000
     0.000000
   -0.0970000
    -0.608000
     -1.05300
    -0.995000
     -1.22600
     -1.06800
     -1.06300
     -1.20300
     -1.20400
     -1.50700
     -1.81700
     -1.87000
     -1.44400
     -1.39200
     -1.20600
     -1.20100
     -1.43900
     -1.39900
     -1.30100
    -0.969000
    -0.575000
    -0.398000
    -0.269000
    -0.171000
     0.428000
     0.995000
      1.82400
      1.82800
      1.57400
      1.66700
      1.74000
      1.78700
      1.72300
      1.51500
     0.860000
     0.473000
   -0.0960000
    -0.728000
     -1.05700
     -1.32300
     -1.71200
     -1.65000
     -1.48200
     -1.82600
     -1.91200
     -1.76800
     -1.76700
     -1.64300
     -1.06100
    -0.663000
    -0.751000
    -0.649000
    -0.599000
     -1.03100
     -1.23000
    -0.886000
    -0.522000
    -0.576000
    -0.879000
    -0.959000
    -0.841000
     -1.11500
     -1.49800
     -1.70400
     -1.85300
     -1.96800
     -1.74800
     -1.73200
     -1.58700
     -1.36600
     -1.23400
     -1.18000
    -0.486000
     0.306000
     0.634000
     0.676000
      1.06400
     0.978000
     0.511000
     0.565000
     0.529000
     0.290000
     0.139000
     0.545000
     0.318000
     0.443000
     0.888000
     0.706000
     0.824000
      1.01600
     0.990000
     0.877000
     0.777000
     0.912000
     0.936000
     0.191000
    -0.381000
    -0.575000
    -0.421000
    -0.182000
    -0.364000
   0.00300000
     0.203000
     0.406000
     0.608000
     0.379000
   -0.0100000
     0.292000
     0.382000
     0.453000
     0.397000
     0.637000
     0.801000
     0.694000
     0.759000
      1.00400
     0.677000
     0.601000
     0.689000
     0.927000
     0.966000
     0.931000
     0.768000
     0.349000
     0.302000
     0.223000
     0.270000
     0.111000
    -0.250000
    -0.140000
     0.456000
     0.671000
     0.189000
   0.00400000
   -0.0270000
   -0.0720000
     0.209000
     0.132000
   -0.0210000
    -0.126000
    -0.258000
    -0.125000
     0.103000
    0.0130000
     0.445000
     0.947000
      1.61300
      1.80600
      1.83500
      2.06100
      2.44100
      2.42500
      2.67700
      2.93100
      3.01200
      2.80800
      2.53800
      2.25500
      1.79200
      1.18400
     0.507000
    0.0560000
    -0.115000
    -0.170000
    -0.314000
    -0.509000
     0.139000
     0.373000
     0.189000
   -0.0230000
   -0.0540000
    -0.138000
   -0.0850000
    0.0260000
    -0.332000
    -0.585000
    -0.546000
    -0.576000
    -0.709000
    -0.472000
    -0.715000
    -0.140000
    -0.126000
    -0.350000
    -0.508000
    -0.119000
   -0.0420000
    -0.279000
    -0.293000
    -0.183000
    0.0280000
   -0.0990000
     0.355000
     0.301000
     0.402000
     0.787000
      1.11600
      1.00200
     0.890000
      1.20200
      1.24900
      1.21800
      1.72200
      1.85900
      2.13400
      1.97500
      1.87800
      2.00300
      1.90500
      1.67100
      1.28600
      1.29300
      1.11500
     0.716000
     0.491000
     0.387000
     0.196000
    -0.556000
     -1.10700
     -1.28400
     -1.50100
     -1.31300
     -1.44700
     -1.31100
     -1.10300
     -1.24100
     -1.05400
    -0.763000
    -0.402000
    -0.216000
    -0.429000
    -0.479000
    -0.287000
    -0.319000
   -0.0580000
     0.131000
     0.243000
     0.573000
     0.956000
     0.469000
     0.658000
     0.527000
     0.151000
     0.145000
     0.398000
     0.303000
     0.400000
     0.362000
     0.319000
     0.323000
     0.402000
     0.454000
     0.748000
      1.07400
      1.04400
      1.03100
     0.778000
      1.03100
      1.20200
      1.34000
      1.74700
      1.88600
      1.99100
      2.25800
      2.11200
      1.75000
      1.04800
     0.580000
     0.518000
     0.663000
     0.595000
     0.664000
     0.692000
     0.990000
     0.990000
      1.41700
      2.01900
      1.63500
      1.20600
      1.05000
      1.01100
      1.09000
     0.848000
     0.595000
     0.352000
     0.193000
     0.157000
     0.473000
     0.585000
     0.819000
     0.907000
     0.783000
     0.931000
      1.43700
      1.31200
      1.25100
      1.21900
     0.959000
     0.853000
     0.469000
     0.576000
     0.530000
     0.234000
    -0.130000
    -0.416000
    -0.461000
    -0.463000
    -0.537000
    -0.597000
    -0.566000
    -0.238000
    -0.386000
   -0.0440000
     0.111000
    -0.173000
    -0.358000
    -0.426000
    -0.338000
    -0.134000
    -0.325000
    -0.480000
    -0.605000
    -0.252000
     0.543000
      1.14000
      2.28700
      2.82700
      3.03700
      3.05700
      2.42300
      2.55100
      2.34400
      2.45500
      2.77700
      2.75500
      2.66100
      2.23700
      1.35600
     0.392000
    -0.319000
    -0.600000
    -0.789000
     -1.06900
    -0.908000
     -1.03900
     -1.12300
    -0.971000
    -0.903000
    -0.601000
    -0.310000
    -0.477000
    -0.725000
    -0.937000
    -0.954000
     -1.03100
     -1.14200
     -1.12200
     -1.18900
     -1.11300
    -0.409000
     0.257000
    0.0200000
    -0.157000
    -0.129000
    -0.210000
    -0.367000
    -0.701000
    -0.550000
    -0.496000
    -0.649000
    -0.560000
   -0.0550000
     0.288000
    0.0710000
     0.299000
     0.350000
    -0.147000
    -0.255000
    -0.138000
    0.0330000
    0.0170000
    -0.160000
    -0.121000
     0.414000
     0.891000
     0.945000
     0.716000
      1.02500
     0.921000
      1.02000
      1.10100
      1.15600
      1.21400
     0.944000
     0.833000
     0.421000
     0.214000
     0.131000
     0.178000
     0.329000
     0.492000
     0.534000
     0.584000
     0.362000
     0.332000
     0.370000
   -0.0350000
     0.374000
     0.560000
     0.327000
     0.574000
     0.639000
     0.591000
     0.524000
     0.818000
     0.684000
     0.325000
     0.816000
      1.06700
     0.637000
     0.893000
     0.612000
     0.519000
     0.362000
     0.329000
    -0.152000
    -0.374000
    -0.550000
    -0.428000
    -0.414000
    -0.527000
    -0.575000
    0.0430000
     0.546000
     0.718000
     0.770000
     0.840000
     0.976000
      1.29700
     0.965000
     0.985000
     0.537000
     0.120000
    0.0200000
     0.354000
    -0.136000
    -0.247000
    -0.427000
     -1.17500
     -1.20400
     -1.14900
     -1.17800
     -1.00600
     -1.37100
     -1.57900
    -0.879000
    -0.349000
     0.164000
    0.0890000
    -0.252000
    -0.545000
    -0.681000
    -0.584000
    -0.646000
    -0.714000
    -0.690000
    -0.723000
    -0.105000
     0.328000
     0.779000
      1.06000
      1.07300
     0.745000
     0.924000
      1.13400
      1.05900
      1.06600
      1.52600
      1.46900
     0.990000
     0.668000
    -0.211000
     -1.09900
     -1.66200
     -1.86000
     -1.88800
     -1.47200
     -1.55800
     -1.71900
     -1.54400
     -1.57500
     -1.39900
    -0.202000
    0.0160000
    -0.191000
    -0.502000
    -0.751000
    -0.917000
    -0.933000
    -0.945000
    -0.980000
    -0.675000
    -0.398000
     0.112000
     0.769000
     0.866000
      1.12800
     0.628000
     0.351000
    0.0970000
     0.141000
     0.111000
     0.103000
   -0.0680000
   -0.0370000
    0.0950000
     0.203000
   -0.0780000
    -0.311000
    -0.466000
    -0.125000
     0.148000
   -0.0420000
    -0.234000
    -0.270000
    -0.259000
    0.0270000
     0.312000
      1.01000
      1.05700
     0.921000
     0.961000
     0.593000
     0.450000
     0.773000
     0.566000
     0.417000
     0.464000
     0.631000
     0.943000
      1.59200
      2.10100
      1.98700
      2.36500
      2.53200
      2.25600
      2.30000
      2.12000
      2.21600
      2.17000
      1.98400
      2.12400
      1.77000
      1.06900
     0.354000
     0.186000
   -0.0910000
    -0.363000
    -0.197000
    -0.110000
   -0.0520000
   -0.0430000
   -0.0800000
     0.770000
      1.45500
      1.04900
     0.461000
    0.0270000
    -0.449000
    -0.551000
    -0.277000
    -0.576000
