       68.379997
       66.929024
       64.000000
       60.134476
       56.129028
       57.766666
       55.635487
       56.963337
       57.690331
       60.516121
       57.059994
       55.532257
       54.189995
       56.874191
       54.525803
       49.917858
       47.370964
       50.113338
       47.777420
       46.973335
       45.493542
       46.848385
       46.623341
       45.583874
       46.566669
       45.870964
       44.464516
       44.860714
       45.274193
       43.726669
       43.529030
       43.583336
       43.561287
       44.487099
       45.310001
       46.916130
       47.196671
       49.232254
       53.090328
       53.074993
       49.519344
       51.943333
       53.745163
       56.526665
       57.622581
       59.696770
       63.596661
       72.754837
       83.576668
       88.422585
       92.038712
       100.83448
       103.69355
       108.98333
       108.90324
       104.34999
       108.94840
       125.20969
       127.19667
       129.29034
       149.76335
       147.79033
       140.50325
       123.27500
       128.61290
       134.76666
       131.19354
       146.99001
       136.74193
       129.32259
       144.98334
       164.38710
       168.00000
       174.83871
       158.32259
       137.75000
       143.03226
       150.66667
       146.45161
       142.13333
       142.90323
       145.74193
       145.60001
       148.48387
       144.53334
       146.83871
       159.22580
       134.17857
       132.19354
       129.63333
       126.51613
       130.13333
       132.50645
       136.22580
       128.80000
       115.38710
       122.53333
       122.19355
       128.83871
       117.86207
       103.87096
       111.06667
       104.83871
       107.50000
       108.61290
       110.77419
       105.36667
       90.741936
       87.766670
       82.064514
       72.451614
       64.678574
       63.838711
       63.966667
       60.193550
       61.266666
       66.483871
       66.516129
       64.639999
       61.193550
       56.266666
       59.129032
       54.838711
       62.464287
       64.354836
       63.066666
       60.548386
       59.799999
       53.064518
       46.290321
       52.966667
       52.064518
       50.166668
       49.516129
       49.161289
       47.785713
       49.290321
       48.400002
       50.677418
       50.566666
       46.741936
       47.258064
       50.333332
       48.967743
       47.700001
       45.419353
       45.290321
       43.586208
       45.612904
       44.599998
       40.451614
       40.806664
       40.741936
       40.935482
       40.730000
       41.290321
       42.460003
       47.193550
       47.032257
       44.750000
       44.612904
       43.599998
       46.935482
       48.066666
       46.741936
       46.741936
       46.966667
       48.967743
       47.766666
       48.709679
       54.516129
       50.785713
       52.129032
       56.966667
       62.193550
       61.066666
       67.838707
       70.190323
       70.266670
       70.645164
       71.400002
       79.774193
       87.451614
       91.464287
       98.645164
       87.166664
       87.935486
       77.833336
       84.516129
       89.258064
       86.400002
       88.516129
       90.099998
       95.806450
       113.70968
       109.06896
       94.548386
       85.333336
       95.580643
       96.833336
       88.290321
       88.709679
       94.433334
       95.709679
       96.900002
       97.225807
       98.935486
       96.321426
       103.19355
       98.166664
       94.645164
       97.166664
       89.193550
       91.354836
       90.500000
       92.225807
       90.533333
       91.096771
       96.516129
       101.42857
       99.645164
       103.22000
       104.03226
       102.76667
       98.322578
       90.806450
       92.933334
       92.580643
       99.466667
       97.548386
       93.419357
       85.678574
       74.516129
       75.866669
       70.612900
       66.066666
       70.129036
       70.032257
       64.266670
       62.774193
       68.800003
       74.064514
       69.838707
       79.586205
       78.161293
       72.966667
       78.677422
       83.400002
       79.419357
       79.903229
       75.400002
       78.193550
       67.233330
       62.451614
       64.387100
       61.285713
       58.967743
       62.533333
       60.387096
       57.599998
       55.064518
       54.322582
       62.333332
       55.451614
       50.233334
       50.483871
       50.580647
       49.321430
       50.064518
       51.099998
       57.774193
       54.799999
       54.612904
       51.451614
       53.566666
       56.548386
       55.299999
       50.419353
       48.161289
       45.392857
       44.903225
       44.166668
       43.516129
       42.466667
       46.354839
       51.225807
       50.966667
       48.322582
       50.700001
       47.612904
       46.548386
       43.862068
       45.548386
       47.066666
       44.774193
       43.233334
       41.870968
       45.483871
       46.033333
       47.645161
       46.400002
       48.774193
       48.161289
       52.357143
       50.129032
       49.799999
       51.645161
       55.966667
       53.032257
       54.354839
       59.733334
       63.322582
       62.966667
       66.612900
       70.032257
       87.321426
       89.870964
       91.733330
       91.225807
       91.533333
       87.677422
       77.451614
       95.300003
       100.80645
       98.400002
       104.83871
       123.90323
       130.96428
       127.38710
       116.60000
       113.19355
       112.40000
       109.19355
       114.12904
       121.10000
       132.74193
       145.89999
       132.96774
       132.09677
       123.72414
       118.00000
       126.96667
       134.32259
       122.70000
       120.41936
       115.58064
       119.50000
       125.19355
       129.73334
       139.45161
       121.64516
       125.67857
       130.80646
       135.43333
       124.09677
       106.50000
       115.12904
       127.51613
       137.25667
       137.96774
       131.00000
       128.77420
       114.58064
       123.00000
       127.16129
       107.93333
       97.483871
       102.06667
       97.129036
       103.40646
       108.43333
       110.61290
       109.86667
       123.06451
       99.451614
       85.964287
       80.677422
       78.099998
       87.503227
       88.466667
       81.516129
       83.774193
       75.900002
       76.000000
       66.866669
       66.387100
       70.516129
       83.310349
       81.354836
       76.300003
       75.516129
       68.800003
       62.419353
       57.193550
       53.866665
       50.129032
       50.233334
       51.000000
       48.064518
       47.785713
       46.483871
       47.066666
       49.225807
       47.233334
       48.903225
       47.129032
       45.233334
       46.322582
       48.500000
       49.225807
       48.096775
       51.357143
       49.161289
       47.633335
       46.935482
       43.533333
       44.193550
       43.483871
       43.833332
       51.064518
       51.333332
       48.129032
       46.935482
       45.714287
       46.580647
       52.133335
       54.354839
       51.133335
       52.354839
       55.064518
       54.833332
       61.774193
       66.599998
       65.354836
       71.870964
       71.689651
       72.193550
       78.199997
       73.709679
       85.233330
       90.522575
       92.741936
       98.900002
       106.22581
       101.90000
       116.70968
       132.16129
       136.35715
       130.23871
       122.93333
       120.09677
       137.12999
       122.25806
       133.69032
       135.33333
       139.19354
       145.30000
       146.29033
       136.54839
       120.42857
       123.90323
       121.03333
       125.09677
       113.10000
       119.00000
       127.90323
       123.26667
       119.93549
       118.80000
       130.03226
       140.16129
       148.85715
       154.35806
       137.20000
       130.70967
       131.76666
       132.09677
       134.80646
       126.04666
       127.25806
       120.60000
       131.09677
       138.16129
       148.27586
       123.45161
       111.43333
       91.032257
       83.366669
       88.258064
       84.548386
       80.033333
       88.193550
       95.733330
       97.387100
       92.806450
       96.639290
       94.229034
       84.963333
       81.451614
       78.496666
       74.729034
       72.096771
       66.166664
       71.225807
       69.206665
       74.451614
       78.067741
       74.028572
       66.251610
       57.243332
       53.625805
       52.733334
       53.822582
       51.219357
       53.543335
       58.341934
       55.743336
       58.161289
       54.967743
       56.678570
       54.374191
       49.733334
       48.741936
       52.333332
       49.741936
       48.106453
       47.599998
       50.658066
       49.333332
       48.516129
       48.806450
       45.517242
       44.380646
       43.433334
       45.483871
       46.766666
       45.161289
       46.419353
       46.066666
       46.129032
       50.200001
       53.906452
       49.322582
       47.500000
       47.709679
       48.466667
       49.225807
       49.696667
       46.516129
       51.387096
       68.440010
       58.483871
       66.033333
       67.938713
       64.829033
       61.357143
       68.090324
       73.966667
       71.838707
       79.413330
       81.419357
       90.209679
       93.413330
       87.577415
       94.900002
       103.38710
       97.354836
       90.964287
       85.903229
       78.466667
       92.483871
       112.80333
       106.72581
       104.80645
       93.666664
       101.89355
       120.10667
       116.70968
       109.54839
       114.41380
       123.90323
       120.63333
       112.41936
       126.70334
       130.03226
       118.58388
       119.67333
       122.41936
       130.02333
       123.74194
       114.83871
       102.25000
       106.12257
       109.83334
       101.58064
       118.36333
       89.967743
       99.516129
       131.00000
       138.27420
       140.30000
       149.53549
       151.44194
       141.25000
       128.16129
       128.36667
       119.86129
       123.60000
       106.71935
       115.48387
       116.20000
       111.09032
       114.30000
       117.60323
       101.80645
       88.317856
       84.903229
       84.386673
       79.235489
       92.896660
       84.838707
       79.870964
       78.666664
       91.580643
       91.900002
       87.538712
       78.348389
       71.758621
       74.354836
       69.800003
       64.870964
       69.666664
       71.258064
       70.258064
       69.633331
       70.225807
       76.166664
       69.903229
       67.258064
       63.428570
       57.838711
       55.966667
       61.967743
       64.300003
       62.396774
       60.387096
       58.566666
       53.354839
       55.799999
       62.225807
       57.322582
       51.178570
       48.322582
       55.266666
       54.935482
       53.900002
       51.258064
       52.129032
       51.700001
       49.870968
       54.500000
       55.112904
       54.064518
       50.500000
       48.212902
       46.500000
       46.483871
       50.133335
       47.064518
       45.387096
       44.166668
       44.419353
       44.133335
       48.903225
       48.290321
       44.896553
       45.225807
       44.566666
       43.354839
       43.599998
       43.129032
       43.032257
       44.099998
       46.032257
       47.099998
       49.483871
       47.129032
       45.928570
       45.258064
       45.066666
       45.709679
       47.366665
       45.000000
       44.161289
       46.133335
       48.000000
       50.266666
       53.225807
       54.935482
       57.107143
       55.709679
       51.866665
       50.032257
       51.966667
       54.483871
       55.903225
       58.866665
       57.064518
       59.200001
       60.741936
       57.967743
       62.142857
       71.903229
       76.566666
       68.193550
       74.300003
       65.903229
       68.290321
       84.876671
       94.612900
       107.30000
       100.43871
       90.612900
       76.068962
       76.806450
       76.076668
       79.741936
       89.400002
       85.387100
       82.258064
       89.093338
       87.451614
       86.800003
       81.193550
       90.645164
       77.142860
       79.632263
       83.433334
       91.677422
       91.699997
       83.838707
       84.419357
       78.500000
       89.258064
       101.90000
       106.93549
       108.14193
       105.14286
       105.70968
       99.233330
       89.580643
       94.190010
       96.567741
       89.483871
       98.433334
       106.99677
       110.26667
       115.80645
       108.64516
       101.89286
       93.161293
       90.599998
       83.354836
       96.933334
       82.516129
       73.612900
       71.966667
       76.612900
       79.966667
       83.032257
       76.245163
       73.655174
       65.129036
       61.200001
       61.096775
       62.066666
       57.838711
       56.096775
       58.833332
       57.064518
       53.000000
       51.000000
       51.635483
       50.174999
       47.806450
       51.266666
       47.483871
       50.966667
       48.935482
       46.741936
       55.183334
       51.709679
       48.700001
       48.161289
       45.838711
       46.000000
       43.419353
