2.433966000000000000e+06 -8.353589772041054851e-02
2.433996000000000000e+06 -9.433286441727260774e-02
2.434027000000000000e+06 -1.161282903709668496e-01
2.434058000000000000e+06 -1.448923913528051832e-01
2.434087000000000000e+06 -1.746976934928261282e-01
2.434118000000000000e+06 -1.625117169463874411e-01
2.434148000000000000e+06 -1.783702261592065297e-01
2.434179000000000000e+06 -1.684894411766959810e-01
2.434209000000000000e+06 -1.630797402333851731e-01
2.434240000000000000e+06 -1.420524981535355169e-01
2.434271000000000000e+06 -1.677701980136470372e-01
2.434301000000000000e+06 -1.791383802682885440e-01
2.434332000000000000e+06 -1.891264076902070546e-01
2.434362000000000000e+06 -1.691527935568977181e-01
2.434393000000000000e+06 -1.866275963459988474e-01
2.434424000000000000e+06 -2.209161935190488424e-01
2.434452000000000000e+06 -2.398681172960162589e-01
2.434483000000000000e+06 -2.194615895740391620e-01
2.434513000000000000e+06 -2.368436007159422374e-01
2.434544000000000000e+06 -2.428269504863696249e-01
2.434574000000000000e+06 -2.538383722972851753e-01
2.434605000000000000e+06 -2.437567272560082487e-01
2.434636000000000000e+06 -2.454313225609026927e-01
2.434666000000000000e+06 -2.531661946649922390e-01
2.434697000000000000e+06 -2.458530297164766565e-01
2.434727000000000000e+06 -2.510299032460601709e-01
2.434758000000000000e+06 -2.614955509299716763e-01
2.434789000000000000e+06 -2.585473660834147203e-01
2.434817000000000000e+06 -2.554705900215226144e-01
2.434848000000000000e+06 -2.669860111152264071e-01
2.434878000000000000e+06 -2.684566805908135678e-01
2.434909000000000000e+06 -2.680525792922781592e-01
2.434939000000000000e+06 -2.682166501045532003e-01
2.434970000000000000e+06 -2.613275065218985116e-01
2.435001000000000000e+06 -2.552041358673231564e-01
2.435031000000000000e+06 -2.432526237965511040e-01
2.435062000000000000e+06 -2.411650647350769283e-01
2.435092000000000000e+06 -2.260179035820448212e-01
2.435123000000000000e+06 -1.973092394704250296e-01
2.435154000000000000e+06 -1.974233501287876447e-01
2.435182000000000000e+06 -2.238816121631127531e-01
2.435213000000000000e+06 -2.058442479209387499e-01
2.435243000000000000e+06 -1.924364874020270677e-01
2.435274000000000000e+06 -1.717388007729477029e-01
2.435304000000000000e+06 -1.635838808987955251e-01
2.435335000000000000e+06 -1.481494451401717816e-01
2.435366000000000000e+06 -1.191296127598367033e-01
2.435396000000000000e+06 -5.098187928995058515e-02
2.435427000000000000e+06 2.954542818308241933e-02
2.435457000000000000e+06 6.560482037353498885e-02
2.435488000000000000e+06 9.251311073498462434e-02
2.435519000000000000e+06 1.579640971898150503e-01
2.435548000000000000e+06 1.792389820939430667e-01
2.435579000000000000e+06 2.186012434824918249e-01
2.435609000000000000e+06 2.180052785246658353e-01
2.435640000000000000e+06 1.841236772733076399e-01
2.435670000000000000e+06 2.183413226936685436e-01
2.435701000000000000e+06 3.393446815280613538e-01
2.435732000000000000e+06 3.541301784927401441e-01
2.435762000000000000e+06 3.697095760860923397e-01
2.435793000000000000e+06 5.220531463348312418e-01
2.435823000000000000e+06 5.073715283913942109e-01
2.435854000000000000e+06 4.531469769508302825e-01
2.435885000000000000e+06 3.249482844216011190e-01
2.435913000000000000e+06 3.646686159034272512e-01
2.435944000000000000e+06 4.104599171753887110e-01
2.435974000000000000e+06 3.838716500995082437e-01
2.436005000000000000e+06 5.014161947037014677e-01
2.436035000000000000e+06 4.251582777977508387e-01
2.436066000000000000e+06 3.699495544840183392e-01
2.436097000000000000e+06 4.864841806954516845e-01
2.436127000000000000e+06 6.308712578594675158e-01
2.436158000000000000e+06 6.577555354987432157e-01
2.436188000000000000e+06 7.086436802950263347e-01
2.436219000000000000e+06 5.857440828515336761e-01
2.436250000000000000e+06 4.326595188395246927e-01
2.436278000000000000e+06 4.719658224745106323e-01
2.436309000000000000e+06 5.287749226577603823e-01
2.436339000000000000e+06 4.974098576666988736e-01
2.436370000000000000e+06 4.652767129784619593e-01
2.436400000000000000e+06 4.710056856470878905e-01
2.436431000000000000e+06 4.921289934980142000e-01
2.436462000000000000e+06 4.910729397233273841e-01
2.436492000000000000e+06 5.125322917432564296e-01
2.436523000000000000e+06 4.831356449104385886e-01
2.436553000000000000e+06 5.002903425608735688e-01
2.436584000000000000e+06 5.924650406434930350e-01
2.436615000000000000e+06 4.060838273758145545e-01
2.436643000000000000e+06 3.913128407328708147e-01
2.436674000000000000e+06 3.722618300614294884e-01
2.436704000000000000e+06 3.490661506191116148e-01
2.436735000000000000e+06 3.759824253781107739e-01
2.436765000000000000e+06 3.936412636939562448e-01
2.436796000000000000e+06 4.213176560761533462e-01
2.436827000000000000e+06 3.660608626709295210e-01
2.436857000000000000e+06 2.662529168247002587e-01
2.436888000000000000e+06 3.194293765645551120e-01
2.436918000000000000e+06 3.169010088111511303e-01
2.436949000000000000e+06 3.663489111603468462e-01
2.436980000000000000e+06 2.846696404065536812e-01
2.437009000000000000e+06 1.805591237242079039e-01
2.437040000000000000e+06 2.341037735766015038e-01
2.437070000000000000e+06 1.877603359596446142e-01
2.437101000000000000e+06 2.075635021803061142e-01
2.437131000000000000e+06 2.158448032361753310e-01
2.437162000000000000e+06 2.319273741401556288e-01
2.437193000000000000e+06 1.916889869664346879e-01
2.437223000000000000e+06 8.286355331021515169e-02
2.437254000000000000e+06 6.072403181925301735e-02
2.437284000000000000e+06 1.829320200208067043e-02
2.437315000000000000e+06 -5.323821943737060830e-02
2.437346000000000000e+06 -1.110788918781234758e-01
2.437374000000000000e+06 -1.173284725670312445e-01
2.437405000000000000e+06 -1.163763275783487178e-01
2.437435000000000000e+06 -1.444528104573298832e-01
2.437466000000000000e+06 -1.364675497296183593e-01
2.437496000000000000e+06 -9.764533275128590983e-02
2.437527000000000000e+06 -9.740529482383479543e-02
2.437558000000000000e+06 -1.113659358068053995e-01
2.437588000000000000e+06 -1.370116198239672844e-01
2.437619000000000000e+06 -1.736735028964313532e-01
2.437649000000000000e+06 -1.523740918279757606e-01
2.437680000000000000e+06 -1.842991882672946058e-01
2.437711000000000000e+06 -1.275558235621000180e-01
2.437739000000000000e+06 -1.134878880513869592e-01
2.437770000000000000e+06 -1.230734065895657120e-01
2.437800000000000000e+06 -1.418124081377500345e-01
2.437831000000000000e+06 -1.473812984722804031e-01
2.437861000000000000e+06 -1.975012966006721160e-01
2.437892000000000000e+06 -2.479093878656251360e-01
2.437923000000000000e+06 -1.982294245453372905e-01
2.437953000000000000e+06 -2.049424872340347148e-01
2.437984000000000000e+06 -2.190647508775619146e-01
2.438014000000000000e+06 -2.239055355909989886e-01
2.438045000000000000e+06 -2.265459676753414087e-01
2.438076000000000000e+06 -2.367818909220197610e-01
2.438104000000000000e+06 -2.255858159655373396e-01
2.438135000000000000e+06 -2.322108493690420994e-01
2.438165000000000000e+06 -2.152641627615719533e-01
2.438196000000000000e+06 -2.160882895065981690e-01
2.438226000000000000e+06 -2.445488345577390699e-01
2.438257000000000000e+06 -2.407082277185229324e-01
2.438288000000000000e+06 -2.178245722818431818e-01
2.438318000000000000e+06 -2.279861803576661849e-01
2.438349000000000000e+06 -2.374196902535865294e-01
2.438379000000000000e+06 -2.543904267891836657e-01
2.438410000000000000e+06 -2.553505784989877347e-01
2.438441000000000000e+06 -2.680312081927791468e-01
2.438470000000000000e+06 -2.529501769009057099e-01
2.438501000000000000e+06 -2.604874035405824739e-01
2.438531000000000000e+06 -2.913563197049737763e-01
2.438562000000000000e+06 -2.887143249705984016e-01
2.438592000000000000e+06 -2.891959783579146626e-01
2.438623000000000000e+06 -2.877557656755898585e-01
2.438654000000000000e+06 -2.892847964093144819e-01
2.438684000000000000e+06 -2.851153410324381299e-01
2.438715000000000000e+06 -2.764115142900253064e-01
2.438745000000000000e+06 -2.411882886910436397e-01
2.438776000000000000e+06 -2.423885006518706198e-01
2.438807000000000000e+06 -2.593712100631968553e-01
2.438835000000000000e+06 -2.603913675342683365e-01
2.438866000000000000e+06 -2.679285941739451005e-01
2.438896000000000000e+06 -2.431086218754142658e-01
2.438927000000000000e+06 -2.346912660900046521e-01
2.438957000000000000e+06 -2.445488345577390699e-01
2.438988000000000000e+06 -2.445488345577390699e-01
2.439019000000000000e+06 -2.428765683455128555e-01
2.439049000000000000e+06 -2.279861803576661849e-01
2.439080000000000000e+06 -2.369236232800134290e-01
2.439110000000000000e+06 -2.299064837772742398e-01
2.439141000000000000e+06 -1.866995824241860225e-01
2.439172000000000000e+06 -2.144583190219319646e-01
2.439200000000000000e+06 -2.044624262615139521e-01
2.439231000000000000e+06 -1.684646620118868954e-01
2.439261000000000000e+06 -1.295704291906046857e-01
2.439292000000000000e+06 -1.379557878562908957e-01
2.439322000000000000e+06 -8.756373979834342069e-02
2.439353000000000000e+06 -7.006491684587774771e-02
2.439384000000000000e+06 -6.949680426459242666e-02
2.439414000000000000e+06 -6.668035825700856234e-02
2.439445000000000000e+06 -6.106346480170236207e-02
2.439475000000000000e+06 1.250486829486970953e-03
2.439506000000000000e+06 5.837964006306834569e-02
2.439537000000000000e+06 8.823870480541527728e-02
2.439565000000000000e+06 1.416729794771441620e-01
2.439596000000000000e+06 5.625927279209160664e-02
2.439626000000000000e+06 6.198022385721470295e-02
2.439657000000000000e+06 -1.319180009960921503e-02
2.439687000000000000e+06 3.653613657669194104e-02
2.439718000000000000e+06 7.182177888270618871e-02
2.439749000000000000e+06 5.055439469873659192e-02
2.439779000000000000e+06 6.630089911014233617e-02
2.439810000000000000e+06 7.808677027741565968e-02
2.439840000000000000e+06 1.205495674495489083e-01
2.439871000000000000e+06 2.537709148324852060e-01
2.439902000000000000e+06 2.192384326364267277e-01
2.439931000000000000e+06 1.111880733965781992e-01
2.439962000000000000e+06 4.261712965061026370e-02
2.439992000000000000e+06 1.188692945162011794e-01
2.440023000000000000e+06 1.281908219342801358e-01
2.440053000000000000e+06 6.462061873560398517e-02
2.440084000000000000e+06 6.774114155722957276e-02
2.440115000000000000e+06 1.103319495318286214e-01
2.440145000000000000e+06 1.198294759907677504e-01
2.440176000000000000e+06 1.286868963490438722e-01
2.440206000000000000e+06 1.311112734633465837e-01
2.440237000000000000e+06 1.438333208242032757e-01
2.440268000000000000e+06 1.243816020371554809e-01
2.440296000000000000e+06 1.755183867772617812e-01
2.440327000000000000e+06 1.381123697590801724e-01
2.440357000000000000e+06 1.119082169436937668e-01
2.440388000000000000e+06 1.306711791257175737e-01
2.440418000000000000e+06 7.134171791018542597e-02
2.440449000000000000e+06 8.742425904940316628e-02
2.440480000000000000e+06 8.106326141314197653e-02
2.440510000000000000e+06 9.390532029653360369e-02
2.440541000000000000e+06 8.131129862052383084e-02
2.440571000000000000e+06 8.550394818860443391e-02
2.440602000000000000e+06 1.258304241770430987e-01
2.440633000000000000e+06 1.623848341331894096e-01
2.440661000000000000e+06 1.491141701105067330e-01
2.440692000000000000e+06 1.757152062695142014e-01
2.440722000000000000e+06 1.817593877733692520e-01
2.440753000000000000e+06 1.723418913196919644e-01
2.440783000000000000e+06 1.392725555554902295e-01
2.440814000000000000e+06 8.334361428273592831e-02
2.440845000000000000e+06 9.917016358178472324e-02
2.440875000000000000e+06 9.654572261611338302e-02
2.440906000000000000e+06 1.477859399060234835e-01
2.440936000000000000e+06 1.335116452966659817e-01
2.440967000000000000e+06 1.027867533769835362e-01
2.440998000000000000e+06 4.518611142249105705e-02
2.441026000000000000e+06 -3.787576975693402598e-02
2.441057000000000000e+06 -2.782614415895253920e-02
2.441087000000000000e+06 -6.692044083160335333e-02
2.441118000000000000e+06 -1.007498346894779157e-01
2.441148000000000000e+06 -7.052096509622469978e-02
2.441179000000000000e+06 -7.124111608453087552e-02
2.441210000000000000e+06 -1.141439480647680055e-01
2.441240000000000000e+06 -1.252497539376771774e-01
2.441271000000000000e+06 -8.041055300725445665e-02
2.441301000000000000e+06 -4.123632306482010595e-02
2.441332000000000000e+06 -7.268135853161822313e-02
2.441363000000000000e+06 -1.483677152975228437e-04
2.441392000000000000e+06 -1.075140954306353334e-02
2.441423000000000000e+06 -4.940561187808534260e-02
2.441453000000000000e+06 -6.910795262656681086e-03
2.441484000000000000e+06 2.823082279864880251e-02
2.441514000000000000e+06 -1.389915490092817705e-03
2.441545000000000000e+06 2.210668304053541727e-03
2.441576000000000000e+06 -3.129870226825197388e-02
2.441606000000000000e+06 -1.051137905680314677e-02
2.441637000000000000e+06 -9.206846546039659795e-02
2.441667000000000000e+06 -1.276501257709966308e-01
2.441698000000000000e+06 -1.132478054767921544e-01
2.441729000000000000e+06 -1.363258173716246913e-01
2.441757000000000000e+06 -1.535742740240402249e-01
2.441788000000000000e+06 -1.270420391136288796e-01
2.441818000000000000e+06 -1.430125977750051069e-01
2.441849000000000000e+06 -1.637519253068687453e-01
2.441879000000000000e+06 -1.826189153339469462e-01
2.441910000000000000e+06 -1.881398025477014624e-01
2.441941000000000000e+06 -1.285302846814920241e-01
2.441971000000000000e+06 -1.797384602045348223e-01
2.442002000000000000e+06 -2.185686764627981782e-01
2.442032000000000000e+06 -2.167043828850873932e-01
2.442063000000000000e+06 -2.159842542203531113e-01
2.442094000000000000e+06 -2.253543279661240628e-01
2.442122000000000000e+06 -2.198248685007599124e-01
2.442153000000000000e+06 -2.121196644237256235e-01
2.442183000000000000e+06 -1.624557071044901713e-01
2.442214000000000000e+06 -1.845872516390933693e-01
2.442244000000000000e+06 -1.859794612006423487e-01
2.442275000000000000e+06 -2.095032227379851897e-01
2.442306000000000000e+06 -1.937647176065103727e-01
2.442336000000000000e+06 -1.715771706712004296e-01
2.442367000000000000e+06 -1.808666563224120838e-01
2.442397000000000000e+06 -2.171844736223706995e-01
2.442428000000000000e+06 -2.339871583087040074e-01
2.442459000000000000e+06 -2.545875885762052815e-01
2.442487000000000000e+06 -2.582310336283998864e-01
2.442518000000000000e+06 -2.637118946777374795e-01
2.442548000000000000e+06 -2.685526793911746091e-01
2.442579000000000000e+06 -2.763619261956445361e-01
2.442609000000000000e+06 -2.474292971283418574e-01
2.442640000000000000e+06 -2.111834956713328770e-01
2.442671000000000000e+06 -2.131118058120624603e-01
2.442701000000000000e+06 -2.327869463478770551e-01
2.442732000000000000e+06 -2.150961183534987609e-01
2.442762000000000000e+06 -2.380677956341805124e-01
2.442793000000000000e+06 -2.459890770048264175e-01
2.442824000000000000e+06 -2.659784813446597340e-01
2.442853000000000000e+06 -2.534302676381889885e-01
2.442884000000000000e+06 -2.421324567233672509e-01
2.442914000000000000e+06 -2.591911853382038999e-01
2.442945000000000000e+06 -2.706570108963363697e-01
2.442975000000000000e+06 -2.807946360147480225e-01
2.443006000000000000e+06 -2.539103360519003871e-01
2.443037000000000000e+06 -2.498216845641117179e-01
2.443067000000000000e+06 -2.378277651479201449e-01
2.443098000000000000e+06 -2.470932306357672692e-01
2.443128000000000000e+06 -2.294264228047535326e-01
2.443159000000000000e+06 -2.339871583087040074e-01
2.443190000000000000e+06 -2.027650088249469962e-01
2.443218000000000000e+06 -2.193448075282391496e-01
2.443249000000000000e+06 -2.217932048059063632e-01
2.443279000000000000e+06 -2.080630026144697498e-01
2.443310000000000000e+06 -1.759058526452494942e-01
2.443340000000000000e+06 -1.977413568516950271e-01
2.443371000000000000e+06 -1.878997720614410671e-01
2.443402000000000000e+06 -1.478773654458535036e-01
2.443432000000000000e+06 -1.211690868474380872e-01
2.443463000000000000e+06 -1.238175182117113166e-01
2.443493000000000000e+06 -9.668520336505374846e-02
2.443524000000000000e+06 -7.124111608453087552e-02
2.443555000000000000e+06 5.741088633689210574e-02
2.443583000000000000e+06 7.638248462189410615e-02
2.443614000000000000e+06 9.024070505698703060e-02
2.443644000000000000e+06 8.646412966317100490e-02
2.443675000000000000e+06 8.875248925388642962e-02
2.443705000000000000e+06 6.005992043760668975e-02
2.443736000000000000e+06 -1.603226627055762479e-02
2.443767000000000000e+06 1.167809987768543695e-01
2.443797000000000000e+06 1.577555206163618884e-01
2.443828000000000000e+06 1.398486822990877565e-01
2.443858000000000000e+06 1.877603359596446142e-01
2.443889000000000000e+06 3.296230636131984304e-01
2.443920000000000000e+06 3.821656827349034224e-01
2.443948000000000000e+06 3.555472044250514441e-01
2.443979000000000000e+06 2.752783369439056882e-01
2.444009000000000000e+06 2.499302931108877412e-01
2.444040000000000000e+06 2.440253362837828954e-01
2.444070000000000000e+06 2.201655305774373461e-01
2.444101000000000000e+06 2.568914525364921486e-01
2.444132000000000000e+06 3.087636947940373688e-01
2.444162000000000000e+06 3.953935152643004436e-01
2.444193000000000000e+06 4.933051480895235263e-01
2.444223000000000000e+06 3.970738105212199831e-01
2.444254000000000000e+06 3.905927567152801538e-01
2.444285000000000000e+06 3.282904207826696230e-01
2.444314000000000000e+06 2.856960038306133876e-01
2.444345000000000000e+06 3.524187046470667051e-01
2.444375000000000000e+06 4.071555076508313054e-01
2.444406000000000000e+06 3.206695998074176046e-01
2.444436000000000000e+06 3.036989228013454722e-01
2.444467000000000000e+06 2.676930848598812474e-01
2.444498000000000000e+06 2.968577897806572996e-01
2.444528000000000000e+06 3.392245807112388989e-01
2.444559000000000000e+06 3.730060235366720600e-01
2.444589000000000000e+06 4.453215232331607099e-01
2.444620000000000000e+06 3.128203342797214459e-01
2.444651000000000000e+06 3.428337069922323677e-01
2.444679000000000000e+06 3.809913140291460443e-01
2.444710000000000000e+06 4.154207357349326557e-01
2.444740000000000000e+06 3.310632316483795301e-01
2.444771000000000000e+06 2.001223115469435154e-01
2.444801000000000000e+06 2.643326431698547196e-01
2.444832000000000000e+06 3.565073412524742413e-01
2.444863000000000000e+06 4.289885562643679928e-01
2.444893000000000000e+06 4.342797636880330048e-01
2.444924000000000000e+06 3.824314820643271440e-01
2.444954000000000000e+06 3.658688799525887103e-01
2.444985000000000000e+06 2.602518942265186763e-01
2.445016000000000000e+06 3.229019569974263537e-01
2.445044000000000000e+06 3.538669091681317380e-01
2.445075000000000000e+06 2.107879933174611198e-01
2.445105000000000000e+06 1.330315768829545831e-01
2.445136000000000000e+06 1.671330578763381425e-01
2.445166000000000000e+06 1.303911820045654257e-01
2.445197000000000000e+06 1.771026906750109708e-01
2.445228000000000000e+06 2.145085886341424053e-01
2.445258000000000000e+06 2.307271845029005286e-01
2.445289000000000000e+06 2.251743448165663686e-01
2.445319000000000000e+06 3.233819882051846006e-01
2.445350000000000000e+06 1.476739276634194964e-01
2.445381000000000000e+06 4.731215632192099785e-02
2.445409000000000000e+06 7.971586004068512143e-03
2.445440000000000000e+06 -1.120751732293550317e-02
2.445470000000000000e+06 5.876370223522800473e-02
2.445501000000000000e+06 6.593284293903491078e-02
2.445531000000000000e+06 1.421256467660415163e-02
2.445562000000000000e+06 3.101524936293735893e-02
2.445593000000000000e+06 -2.757810695157067449e-02
2.445623000000000000e+06 -2.683400277061568501e-02
2.445654000000000000e+06 -9.479685985921591784e-02
2.445684000000000000e+06 -9.836542421006697068e-02
2.445715000000000000e+06 -6.764053229038441417e-02
2.445746000000000000e+06 2.756369773479595831e-02
2.445775000000000000e+06 1.301235271577719406e-02
2.445806000000000000e+06 -2.460162325703497618e-02
2.445836000000000000e+06 -3.043457912357143066e-02
2.445867000000000000e+06 -8.041055300725445665e-02
2.445897000000000000e+06 -1.278901860220195419e-01
2.445928000000000000e+06 -1.667763823574176796e-01
2.445959000000000000e+06 -1.915323678576922317e-01
2.445989000000000000e+06 -2.193448075282391496e-01
2.446020000000000000e+06 -2.185686764627981782e-01
2.446050000000000000e+06 -2.128637686046806199e-01
2.446081000000000000e+06 -2.347072497674851099e-01
2.446112000000000000e+06 -2.367818909220197610e-01
2.446140000000000000e+06 -2.464691454185377884e-01
2.446171000000000000e+06 -2.421324567233672509e-01
2.446201000000000000e+06 -2.260658769380580746e-01
2.446232000000000000e+06 -2.408922483628859745e-01
2.446262000000000000e+06 -2.284662710949494635e-01
2.446293000000000000e+06 -2.416683794283269460e-01
2.446324000000000000e+06 -2.557746296296111721e-01
2.446354000000000000e+06 -2.476693276146022527e-01
2.446385000000000000e+06 -2.314667451880871030e-01
2.446415000000000000e+06 -2.260658769380580746e-01
2.446446000000000000e+06 -2.344672192812247147e-01
2.446477000000000000e+06 -2.102061994583095950e-01
2.446505000000000000e+06 -2.265459676753414087e-01
2.446536000000000000e+06 -2.379157646683502658e-01
2.446566000000000000e+06 -2.431086218754142658e-01
2.446597000000000000e+06 -2.684246611475182287e-01
2.446627000000000000e+06 -2.635118605911314638e-01
2.446658000000000000e+06 -2.687927173186255847e-01
2.446689000000000000e+06 -2.661923113987000877e-01
2.446719000000000000e+06 -2.123836778673973136e-01
2.446750000000000000e+06 -2.103833816484805830e-01
2.446780000000000000e+06 -2.342271887949643472e-01
2.446811000000000000e+06 -2.431086218754142658e-01
2.446842000000000000e+06 -2.521957666709235268e-01
2.446870000000000000e+06 -2.457490167538035064e-01
2.446901000000000000e+06 -2.044304068182185852e-01
2.446931000000000000e+06 -1.878997720614410671e-01
2.446962000000000000e+06 -2.118715974515811840e-01
2.446992000000000000e+06 -2.027821533281662647e-01
2.447023000000000000e+06 -1.826189153339469462e-01
2.447054000000000000e+06 -1.843392144317115011e-01
2.447084000000000000e+06 -1.326909445710397761e-01
2.447115000000000000e+06 -9.678120960660537009e-02
2.447145000000000000e+06 -1.060466974180243604e-01
2.447176000000000000e+06 -5.755894677863264419e-02
2.447207000000000000e+06 -5.890813137593953891e-02
2.447236000000000000e+06 -5.515852285697872559e-02
2.447267000000000000e+06 -1.046340570078990034e-02
2.447297000000000000e+06 -4.387671794320938123e-02
2.447328000000000000e+06 4.187296594013014545e-02
2.447358000000000000e+06 8.123124629169015121e-02
2.447389000000000000e+06 9.774593457694034926e-02
2.447420000000000000e+06 1.435692776157690420e-01
2.447450000000000000e+06 1.980820114871817972e-01
2.447481000000000000e+06 1.658928346334756221e-01
2.447511000000000000e+06 2.760944867325729746e-01
2.447542000000000000e+06 3.910728623349448707e-01
2.447573000000000000e+06 4.222950564658455308e-01
2.447601000000000000e+06 3.767665780470544901e-01
2.447632000000000000e+06 3.224058528179000738e-01
2.447662000000000000e+06 3.012984691149291350e-01
2.447693000000000000e+06 4.280459062349334931e-01
2.447723000000000000e+06 3.173810400189093217e-01
2.447754000000000000e+06 4.024506660490753118e-01
2.447785000000000000e+06 4.146766166715962210e-01
2.447815000000000000e+06 4.434011751664090339e-01
2.447846000000000000e+06 4.888405081214123871e-01
2.447876000000000000e+06 4.962097424413503544e-01
2.447907000000000000e+06 4.237181097625699056e-01
2.447938000000000000e+06 3.037674561670787310e-01
2.447966000000000000e+06 3.296230636131984304e-01
2.447997000000000000e+06 3.082675906145111999e-01
2.448027000000000000e+06 3.385044222817421011e-01
2.448058000000000000e+06 2.492341697271366063e-01
2.448088000000000000e+06 2.931371944639759586e-01
2.448119000000000000e+06 3.593878261466488255e-01
2.448150000000000000e+06 3.248862993036252256e-01
2.448180000000000000e+06 3.000983538895803937e-01
2.448211000000000000e+06 2.916489563373034222e-01
2.448241000000000000e+06 3.752303442407968759e-01
2.448272000000000000e+06 4.506023874018456055e-01
2.448303000000000000e+06 5.153099393828779462e-01
2.448331000000000000e+06 5.562432593498486399e-01
2.448362000000000000e+06 4.285668639911751621e-01
2.448392000000000000e+06 3.802710811877428876e-01
2.448423000000000000e+06 3.881363452753009424e-01
2.448453000000000000e+06 3.905927567152801538e-01
2.448484000000000000e+06 4.107560765625964394e-01
2.448515000000000000e+06 3.455727348524668674e-01
2.448545000000000000e+06 3.545869931857222879e-01
2.448576000000000000e+06 3.050430994773560833e-01
2.448606000000000000e+06 3.831515660819175828e-01
2.448637000000000000e+06 4.357200061351204079e-01
2.448668000000000000e+06 5.109844496796106528e-01
2.448697000000000000e+06 3.262624730993592403e-01
2.448728000000000000e+06 2.368321605342302016e-01
2.448758000000000000e+06 8.502388721608365729e-02
2.448789000000000000e+06 2.798278559126693432e-02
2.448819000000000000e+06 6.438058824934358992e-02
2.448850000000000000e+06 3.677616706295222526e-02
2.448881000000000000e+06 3.178796970216570504e-03
2.448911000000000000e+06 6.390052727682282718e-02
2.448942000000000000e+06 1.200054675904374119e-01
2.448972000000000000e+06 1.323114854241735361e-01
2.449003000000000000e+06 9.822599554946111200e-02
2.449034000000000000e+06 1.267468886566386344e-01
2.449062000000000000e+06 1.088117142854326119e-01
2.449093000000000000e+06 3.986386679269422056e-02
2.449123000000000000e+06 1.373249626289276340e-02
2.449154000000000000e+06 -8.255835116780787727e-03
2.449184000000000000e+06 -3.629150306513802271e-02
2.449215000000000000e+06 -5.587867384528490827e-02
2.449246000000000000e+06 -1.000057305085229331e-01
2.449276000000000000e+06 -6.235968300408093606e-02
2.449307000000000000e+06 -7.738450354190996860e-02
2.449337000000000000e+06 -3.835583817064541767e-02
2.449368000000000000e+06 -1.144754780919588974e-02
2.449399000000000000e+06 -4.150377433856446835e-02
2.449427000000000000e+06 -9.937363112898128792e-02
2.449458000000000000e+06 -1.664059450053076150e-01
2.449488000000000000e+06 -1.933246530336439339e-01
2.449519000000000000e+06 -1.999656998793916951e-01
2.449549000000000000e+06 -1.918603978643827757e-01
2.449580000000000000e+06 -2.112314913509180658e-01
2.449611000000000000e+06 -1.939383280251773534e-01
2.449641000000000000e+06 -1.582310380931142013e-01
2.449672000000000000e+06 -1.775677011905890113e-01
2.449702000000000000e+06 -1.595752519750780474e-01
2.449733000000000000e+06 -1.833390365574905922e-01
2.449764000000000000e+06 -1.706084467097867541e-01
2.449792000000000000e+06 -1.877557701403042012e-01
2.449823000000000000e+06 -2.222892717794794915e-01
2.449853000000000000e+06 -2.296664532910138723e-01
2.449884000000000000e+06 -2.029421910151180120e-01
2.449914000000000000e+06 -2.222252626576512735e-01
2.449945000000000000e+06 -2.343952034382750238e-01
2.449976000000000000e+06 -2.381638316404947053e-01
2.450006000000000000e+06 -2.154081646827088192e-01
2.450037000000000000e+06 -2.252657629152057805e-01
2.450067000000000000e+06 -2.313467262243615874e-01
2.450098000000000000e+06 -2.291863923184931373e-01
2.450129000000000000e+06 -2.536620160792744105e-01
2.450158000000000000e+06 -2.621196435883918485e-01
2.450189000000000000e+06 -2.691687727696638333e-01
2.450219000000000000e+06 -2.539103360519003871e-01
2.450250000000000000e+06 -2.443648139133760278e-01
2.450280000000000000e+06 -2.563107302087918038e-01
2.450311000000000000e+06 -2.469492361558210669e-01
2.450342000000000000e+06 -2.495736473567298497e-01
2.450372000000000000e+06 -2.491095700616895448e-01
2.450403000000000000e+06 -2.188167136701800464e-01
2.450433000000000000e+06 -1.912363052059626034e-01
2.450464000000000000e+06 -2.253457557145144563e-01
2.450495000000000000e+06 -2.389079358214497018e-01
2.450523000000000000e+06 -2.373476744106368386e-01
2.450554000000000000e+06 -2.317147823954689712e-01
2.450584000000000000e+06 -2.260658769380580746e-01
2.450615000000000000e+06 -2.225621179164329888e-01
2.450645000000000000e+06 -2.462291074910867850e-01
2.450676000000000000e+06 -2.099833134752684682e-01
2.450707000000000000e+06 -8.308932954693057371e-02
2.450737000000000000e+06 -1.571748578181866307e-01
2.450768000000000000e+06 -1.009978718968597838e-01
2.450798000000000000e+06 -8.681957608786329550e-02
2.450829000000000000e+06 -1.099592977766183921e-01
2.450860000000000000e+06 -1.357942931246836071e-01
2.450888000000000000e+06 -8.569140973474864698e-02
2.450919000000000000e+06 -4.196442124472274382e-02
2.450949000000000000e+06 -5.779897726489303250e-02
2.450980000000000000e+06 -1.434763546040117342e-03
2.451010000000000000e+06 1.349246577663237509e-02
2.451041000000000000e+06 7.890292750727347093e-02
2.451072000000000000e+06 1.027419053210362337e-01
2.451102000000000000e+06 5.931574928593595641e-02
2.451133000000000000e+06 1.138045150823186608e-01
2.451163000000000000e+06 1.769586292243491288e-01
2.451194000000000000e+06 1.320714028495787451e-01
2.451225000000000000e+06 8.451810948873397789e-02
2.451253000000000000e+06 4.685781210422912402e-02
2.451284000000000000e+06 -8.479063394591059705e-03
2.451314000000000000e+06 9.582562371614160301e-02
2.451345000000000000e+06 2.470265917019369983e-01
2.451375000000000000e+06 2.018026068038630827e-01
2.451406000000000000e+06 1.875202831498122835e-01
2.451437000000000000e+06 1.046270119089484779e-01
2.451467000000000000e+06 1.658448389538904333e-01
2.451498000000000000e+06 3.013721369021993279e-01
2.451528000000000000e+06 2.760944867325729746e-01
2.451559000000000000e+06 2.228059626617797107e-01
2.451590000000000000e+06 2.590104059812484150e-01
2.451619000000000000e+06 3.296230636131984304e-01
2.451650000000000000e+06 3.052911143611661271e-01
2.451680000000000000e+06 2.441693977344447097e-01
2.451711000000000000e+06 3.504592159175833888e-01
2.451741000000000000e+06 3.752303442407968759e-01
2.451772000000000000e+06 2.900407662176210932e-01
2.451803000000000000e+06 2.981475713531380745e-01
2.451833000000000000e+06 3.185813040680706698e-01
2.451864000000000000e+06 3.751638944084407790e-01
2.451894000000000000e+06 3.284228739759433857e-01
2.451925000000000000e+06 2.621722422932705743e-01
2.451956000000000000e+06 1.684972513551524775e-01
2.451984000000000000e+06 1.973137829661934517e-01
2.452015000000000000e+06 2.249263299327564358e-01
2.452045000000000000e+06 1.635164159928049199e-01
2.452076000000000000e+06 2.883996116234330276e-01
2.452106000000000000e+06 7.710263561020028189e-02
2.452137000000000000e+06 1.481539960771308950e-01
2.452168000000000000e+06 3.824314820643271440e-01
2.452198000000000000e+06 4.365601909695334126e-01
2.452229000000000000e+06 4.516345549545993654e-01
2.452259000000000000e+06 5.203575966371133399e-01
2.452290000000000000e+06 5.345438545200872360e-01
2.452321000000000000e+06 4.587036860562937468e-01
2.452349000000000000e+06 3.613080998014944756e-01
2.452380000000000000e+06 3.628363715337744044e-01
2.452410000000000000e+06 2.995462175445848252e-01
2.452441000000000000e+06 3.273666713774439074e-01
2.452471000000000000e+06 2.017545367123716460e-01
2.452502000000000000e+06 2.669730008422906975e-01
2.452533000000000000e+06 2.723018606905607264e-01
2.452563000000000000e+06 2.342797577350805571e-01
2.452594000000000000e+06 2.581635984871717415e-01
2.452624000000000000e+06 2.827435626230140886e-01
2.452655000000000000e+06 1.651967112497244872e-01
2.452686000000000000e+06 6.482551191969362914e-02
2.452714000000000000e+06 3.941662147086652523e-02
2.452745000000000000e+06 3.557282980205932199e-02
2.452775000000000000e+06 -2.758112329467960790e-03
2.452806000000000000e+06 9.889726535649674688e-02
2.452836000000000000e+06 3.893650096882073086e-02
2.452867000000000000e+06 1.970578288268132194e-03
2.452898000000000000e+06 -6.990847591490469137e-03
2.452928000000000000e+06 8.910453198275078424e-02
2.452959000000000000e+06 9.148094318223087829e-02
2.452989000000000000e+06 5.902775288485294369e-02
2.453020000000000000e+06 -9.359192540323949330e-03
2.453051000000000000e+06 -5.839491245795646462e-02
2.453080000000000000e+06 -3.907598171776098528e-02
2.453111000000000000e+06 -7.296936237389185786e-02
2.453141000000000000e+06 -1.096472812121708218e-01
2.453172000000000000e+06 -7.396156329175383737e-02
2.453202000000000000e+06 -6.211965251782054775e-02
2.453233000000000000e+06 -6.956084315118314654e-02
2.453264000000000000e+06 -7.420960049913570555e-02
2.453294000000000000e+06 -6.980087363744352791e-02
2.453325000000000000e+06 -2.559382417489696263e-02
2.453355000000000000e+06 -7.220123802957242876e-02
2.453386000000000000e+06 -9.188441505127094289e-02
2.453417000000000000e+06 -1.203804099345892331e-01
2.453445000000000000e+06 -1.619756163672068094e-01
2.453476000000000000e+06 -1.759058526452494942e-01
2.453506000000000000e+06 -1.312507021239524285e-01
2.453537000000000000e+06 -1.138959108573861373e-01
2.453567000000000000e+06 -1.280582006653302185e-01
2.453598000000000000e+06 -1.430125977750051069e-01
2.453629000000000000e+06 -1.565587644396974065e-01
2.453659000000000000e+06 -1.953409626948036659e-01
2.453690000000000000e+06 -1.771460610057307705e-01
2.453720000000000000e+06 -1.293303987043443182e-01
2.453751000000000000e+06 -1.658162306476136660e-01
2.453782000000000000e+06 -2.115349951932810335e-01
2.453810000000000000e+06 -2.327869463478770551e-01
2.453841000000000000e+06 -1.811146935297939520e-01
2.453871000000000000e+06 -1.835790968085135033e-01
2.453902000000000000e+06 -1.912843008855477922e-01
2.453932000000000000e+06 -2.109434651850725373e-01
2.453963000000000000e+06 -2.044624262615139521e-01
2.453994000000000000e+06 -2.076549277201361621e-01
2.454024000000000000e+06 -2.212651109478472600e-01
2.454055000000000000e+06 -1.868196013879115103e-01
2.454085000000000000e+06 -1.822588658839610354e-01
2.454116000000000000e+06 -1.900601059673095172e-01
2.454147000000000000e+06 -2.165843639213619054e-01
2.454175000000000000e+06 -2.336030961365442304e-01
2.454206000000000000e+06 -2.463491264548123005e-01
2.454236000000000000e+06 -2.464691454185377884e-01
2.454267000000000000e+06 -2.193127880849437827e-01
2.454297000000000000e+06 -2.421484404008477087e-01
2.454328000000000000e+06 -2.546304572754440887e-01
2.454359000000000000e+06 -2.637118946777374795e-01
2.454389000000000000e+06 -2.618316174225462922e-01
2.454420000000000000e+06 -2.639599318851193477e-01
2.454450000000000000e+06 -2.284662710949494635e-01
2.454481000000000000e+06 -2.330270065988999384e-01
2.454512000000000000e+06 -2.582806812523056883e-01
2.454541000000000000e+06 -2.558306394715084697e-01
2.454572000000000000e+06 -2.607354333067737340e-01
2.454602000000000000e+06 -2.697528690284296538e-01
2.454633000000000000e+06 -2.679285941739451005e-01
2.454663000000000000e+06 -2.714331419617773133e-01
2.454694000000000000e+06 -2.721532631853210149e-01
2.454725000000000000e+06 -2.642079988572638150e-01
2.454755000000000000e+06 -2.498296912852331908e-01
2.454786000000000000e+06 -2.418844269571760186e-01
2.454816000000000000e+06 -2.241455735184499920e-01
2.454847000000000000e+06 -2.416683794283269460e-01
2.454878000000000000e+06 -2.506012460184346979e-01
2.454906000000000000e+06 -2.555906089852481022e-01
2.454937000000000000e+06 -2.570148379900924485e-01
2.454967000000000000e+06 -2.522300556773620639e-01
2.454998000000000000e+06 -2.399001069745491099e-01
2.455028000000000000e+06 -2.575109124048561848e-01
2.455059000000000000e+06 -2.637519208421543748e-01
2.455090000000000000e+06 -2.490775506183941779e-01
2.455120000000000000e+06 -2.351873405047683885e-01
2.455151000000000000e+06 -2.183206466966069181e-01
2.455181000000000000e+06 -1.963011144046076795e-01
2.455212000000000000e+06 -1.835790968085135033e-01
2.455243000000000000e+06 -1.674193533164746450e-01
2.455271000000000000e+06 -1.778181493437360761e-01
2.455302000000000000e+06 -2.064147491244174293e-01
2.455332000000000000e+06 -2.200649287517828234e-01
2.455363000000000000e+06 -2.056706151786998893e-01
2.455393000000000000e+06 -1.869396203516370258e-01
2.455424000000000000e+06 -1.763779366614112998e-01
2.455455000000000000e+06 -1.543264146908792378e-01
2.455485000000000000e+06 -1.677365340672217486e-01
2.455516000000000000e+06 -1.518459979699166851e-01
2.455546000000000000e+06 -1.403721656906627147e-01
2.455577000000000000e+06 -1.610154646574028237e-01
2.455608000000000000e+06 -1.299476454673817727e-01
2.455636000000000000e+06 -5.731885676284723119e-02
2.455667000000000000e+06 -2.261733303917065271e-02
2.455697000000000000e+06 -8.492328539042912072e-02
2.455728000000000000e+06 -3.948400452376017028e-02
2.455758000000000000e+06 -1.019660005630228100e-01
2.455789000000000000e+06 -8.420319393164794886e-02
2.455820000000000000e+06 3.921899833002572694e-02
2.455850000000000000e+06 1.116681343690989620e-01
2.455881000000000000e+06 2.060752640536335778e-01
2.455911000000000000e+06 1.550190971728491462e-01
2.455942000000000000e+06 8.190337183564858070e-02
2.455973000000000000e+06 -2.632084338215773950e-02
2.456002000000000000e+06 -2.083305458434043383e-02
2.456033000000000000e+06 -2.626350156713705766e-02
2.456063000000000000e+06 1.010456343226583944e-03
2.456094000000000000e+06 7.287796659882438133e-02
2.456124000000000000e+06 4.301719782382237844e-02
2.456155000000000000e+06 1.973344444916801457e-02
2.456186000000000000e+06 7.059602131443488970e-02
2.456216000000000000e+06 5.837964006306834569e-02
2.456247000000000000e+06 5.353087839327228675e-02
2.456277000000000000e+06 1.181219284328464438e-02
2.456308000000000000e+06 8.214345441024337169e-02
2.456339000000000000e+06 -1.832976364337091449e-02
2.456367000000000000e+06 1.943586428938019132e-04
2.456398000000000000e+06 2.847885256484005562e-02
2.456428000000000000e+06 8.982468297105708488e-02
2.456459000000000000e+06 8.999266784960516241e-02
2.456489000000000000e+06 3.149531033545813208e-02
2.456520000000000000e+06 3.581603767672016797e-02
2.456551000000000000e+06 -8.231026187209193254e-03
2.456581000000000000e+06 7.182177888270618871e-02
2.456612000000000000e+06 1.658928346334756221e-01
2.456642000000000000e+06 2.033628756558666095e-01
2.456673000000000000e+06 2.123402256835805746e-01
2.456704000000000000e+06 1.900235740907817994e-01
2.456732000000000000e+06 1.942413897655844435e-01
2.456763000000000000e+06 1.460496348072065076e-01
2.456793000000000000e+06 7.422215071602560055e-02
2.456824000000000000e+06 1.085213292621562964e-01
2.456854000000000000e+06 1.262144789080121565e-01
2.456885000000000000e+06 7.350205181605382054e-02
2.456916000000000000e+06 1.400967120652790165e-01
2.456946000000000000e+06 2.038188718178790548e-01
2.456977000000000000e+06 2.281508210699114414e-01
2.457007000000000000e+06 2.693733801168008424e-01
2.457038000000000000e+06 2.160848560460076617e-01
2.457069000000000000e+06 1.658397045323533603e-01
2.457097000000000000e+06 1.008664499573754258e-01
2.457128000000000000e+06 8.180736559409695907e-02
2.457158000000000000e+06 2.789473398250238642e-02
2.457189000000000000e+06 1.289349261152351045e-01
2.457219000000000000e+06 2.165375530996674694e-02
2.457250000000000000e+06 -4.459686893151557086e-02
2.457281000000000000e+06 -5.684680251144794139e-02
2.457311000000000000e+06 -2.227329703142777798e-02
2.457342000000000000e+06 2.682722555452835000e-03
2.457372000000000000e+06 2.549436214918288091e-02
2.457403000000000000e+06 -2.500969815136857080e-02
2.457434000000000000e+06 -4.428230003868074971e-02
2.457463000000000000e+06 -1.077269182630376798e-01
2.457494000000000000e+06 -1.369636167031914875e-01
2.457524000000000000e+06 -1.377317410475109583e-01
2.457555000000000000e+06 -1.305145972229282969e-01
2.457585000000000000e+06 -1.619756163672068094e-01
2.457616000000000000e+06 -1.749376942143239522e-01
2.457647000000000000e+06 -1.545744518982611060e-01
2.457677000000000000e+06 -1.677365340672217486e-01
2.457708000000000000e+06 -1.979813873379554223e-01
2.457738000000000000e+06 -2.128637686046806199e-01
2.457769000000000000e+06 -2.081350184574194406e-01
2.457800000000000000e+06 -2.190027583183953852e-01
2.457828000000000000e+06 -2.366275829518557361e-01
2.457859000000000000e+06 -2.108794560632443194e-01
2.457889000000000000e+06 -2.390279547851751896e-01
2.457920000000000000e+06 -2.131118058120624603e-01
2.457950000000000000e+06 -2.282262406086890960e-01
2.457981000000000000e+06 -2.445488345577390699e-01
2.458012000000000000e+06 -1.817347828276533184e-01
2.458042000000000000e+06 -2.075829118771864712e-01
2.458073000000000000e+06 -2.299784996202239307e-01
2.458103000000000000e+06 -2.339871583087040074e-01
2.458134000000000000e+06 -2.512699039675579948e-01
2.458165000000000000e+06 -2.500697217714936138e-01
2.458193000000000000e+06 -2.692728080559088633e-01
