2.434393000000000000e+06 4.907861670187923520e-01
2.434424000000000000e+06 4.733948626709662544e-01
2.434452000000000000e+06 4.386122539753141703e-01
2.434483000000000000e+06 3.516557322361837379e-01
2.434513000000000000e+06 2.994818191927054452e-01
2.434544000000000000e+06 2.473079061492272079e-01
2.434574000000000000e+06 2.299166018014011104e-01
2.434605000000000000e+06 1.951339931057489430e-01
2.434636000000000000e+06 1.568731235405315394e-01
2.434666000000000000e+06 1.255687757144445804e-01
2.434697000000000000e+06 8.209051484487935035e-02
2.434727000000000000e+06 3.829645279661964604e-03
2.434758000000000000e+06 -8.312687645946846560e-02
2.434789000000000000e+06 -1.700833981985988841e-01
2.434817000000000000e+06 -2.396486155899032466e-01
2.434848000000000000e+06 -2.744312242855554418e-01
2.434878000000000000e+06 -3.005181808072945326e-01
2.434909000000000000e+06 -2.918225286333814839e-01
2.434939000000000000e+06 -3.179094851551206302e-01
2.434970000000000000e+06 -3.266051373290336790e-01
2.435001000000000000e+06 -2.135616590681641003e-01
2.435031000000000000e+06 -6.573557211164238190e-02
2.435062000000000000e+06 2.125252974535750128e-01
2.435092000000000000e+06 2.386122539753141591e-01
2.435123000000000000e+06 2.907861670187923964e-01
2.435154000000000000e+06 2.960035583231402367e-01
2.435182000000000000e+06 2.907861670187923964e-01
2.435213000000000000e+06 3.603513844100967867e-01
2.435243000000000000e+06 4.386122539753141703e-01
2.435274000000000000e+06 4.299166018014011215e-01
2.435304000000000000e+06 4.386122539753141703e-01
2.435335000000000000e+06 4.751339931057488863e-01
2.435366000000000000e+06 4.212209496274880727e-01
2.435396000000000000e+06 3.916557322361837179e-01
2.435427000000000000e+06 2.229600800622706658e-01
2.435457000000000000e+06 2.107861670187924086e-01
2.435488000000000000e+06 6.991660180140109315e-02
2.435519000000000000e+06 3.513844100967473548e-04
2.435548000000000000e+06 -8.660513732903368789e-02
2.435579000000000000e+06 -2.813877460246858586e-01
2.435609000000000000e+06 -2.779094851551206502e-01
2.435640000000000000e+06 -3.300833981985988874e-01
2.435670000000000000e+06 -3.248660068942510470e-01
2.435701000000000000e+06 -3.544312242855554018e-01
2.435732000000000000e+06 -3.822573112420771801e-01
2.435762000000000000e+06 -3.718225286333814994e-01
2.435793000000000000e+06 -3.196486155899032622e-01
2.435823000000000000e+06 -3.790948515512064521e-02
2.435854000000000000e+06 7.165573223618369736e-02
2.435885000000000000e+06 8.556877571444457264e-02
2.435913000000000000e+06 2.681774713666185139e-01
2.435944000000000000e+06 3.168731235405315427e-01
2.435974000000000000e+06 3.464383409318358975e-01
2.436005000000000000e+06 3.533948626709663143e-01
2.436035000000000000e+06 3.638296452796619951e-01
2.436066000000000000e+06 3.864383409318358775e-01
2.436097000000000000e+06 4.212209496274880727e-01
2.436127000000000000e+06 3.586122539753141547e-01
2.436158000000000000e+06 3.116557322361837024e-01
2.436188000000000000e+06 2.994818191927054452e-01
2.436219000000000000e+06 2.125252974535750128e-01
2.436250000000000000e+06 1.933948626709663388e-01
2.436278000000000000e+06 1.725252974535750328e-01
2.436309000000000000e+06 -1.387746024685861243e-03
2.436339000000000000e+06 -2.344312242855554063e-01
2.436370000000000000e+06 -2.466051373290336635e-01
2.436400000000000000e+06 -2.970399199377293242e-01
2.436431000000000000e+06 -3.387790503725119362e-01
2.436462000000000000e+06 -3.735616590681641314e-01
2.436492000000000000e+06 -4.205181808072945282e-01
2.436523000000000000e+06 -4.779094851551206613e-01
2.436553000000000000e+06 -4.657355721116424041e-01
2.436584000000000000e+06 -3.561703547203380338e-01
2.436615000000000000e+06 -3.405181808072945682e-01
2.436643000000000000e+06 -3.353007895029467278e-01
2.436674000000000000e+06 -2.692138329812076014e-01
2.436704000000000000e+06 3.829645279661964604e-03
2.436735000000000000e+06 3.429600800622706891e-01
2.436765000000000000e+06 4.681774713666184695e-01
2.436796000000000000e+06 4.438296452796619551e-01
2.436827000000000000e+06 4.386122539753141703e-01
2.436857000000000000e+06 3.290470365840097999e-01
2.436888000000000000e+06 2.525252974535750483e-01
2.436918000000000000e+06 1.777426887579228454e-01
2.436949000000000000e+06 1.046992104970532744e-01
2.436980000000000000e+06 7.687312354053152386e-02
2.437009000000000000e+06 2.817747136661848811e-02
2.437040000000000000e+06 -1.074747025464249939e-01
2.437070000000000000e+06 -2.083442677638162877e-01
2.437101000000000000e+06 -3.300833981985988874e-01
2.437131000000000000e+06 -3.439964416768597766e-01
2.437162000000000000e+06 -3.370399199377293042e-01
2.437193000000000000e+06 -3.353007895029467278e-01
2.437223000000000000e+06 -3.248660068942510470e-01
2.437254000000000000e+06 -2.535616590681641358e-01
2.437284000000000000e+06 -1.613877460246858353e-01
2.437315000000000000e+06 8.556877571444457264e-02
2.437346000000000000e+06 1.586122539753141436e-01
2.437374000000000000e+06 1.742644278883576370e-01
2.437405000000000000e+06 3.064383409318359175e-01
2.437435000000000000e+06 3.551339931057489463e-01
2.437466000000000000e+06 4.229600800622706491e-01
2.437496000000000000e+06 3.516557322361837379e-01
2.437527000000000000e+06 3.273079061492271680e-01
2.437558000000000000e+06 2.629600800622706736e-01
2.437588000000000000e+06 2.786122539753141392e-01
2.437619000000000000e+06 3.255687757144445915e-01
2.437649000000000000e+06 2.281774713666185062e-01
2.437680000000000000e+06 2.038296452796619640e-01
2.437711000000000000e+06 2.281774713666185062e-01
2.437739000000000000e+06 1.933948626709663388e-01
2.437770000000000000e+06 6.122094962748805130e-02
2.437800000000000000e+06 -1.718225286333814883e-01
2.437831000000000000e+06 -2.883442677638162754e-01
2.437861000000000000e+06 -3.300833981985988874e-01
2.437892000000000000e+06 -3.700833981985988674e-01
2.437923000000000000e+06 -3.787790503725119162e-01
2.437953000000000000e+06 -4.326920938507727854e-01
2.437984000000000000e+06 -4.170399199377293198e-01
2.438014000000000000e+06 -3.996486155899032222e-01
2.438045000000000000e+06 -3.822573112420771801e-01
2.438076000000000000e+06 -4.709529634159902445e-01
2.438104000000000000e+06 -4.935616590681641824e-01
2.438135000000000000e+06 -4.622573112420771957e-01
2.438165000000000000e+06 -4.431268764594684662e-01
2.438196000000000000e+06 -2.657355721116423930e-01
2.438226000000000000e+06 8.209051484487935035e-02
2.438257000000000000e+06 1.707861670187924008e-01
2.438288000000000000e+06 2.560035583231402567e-01
2.438318000000000000e+06 2.212209496274880616e-01
2.438349000000000000e+06 2.299166018014011104e-01
2.438379000000000000e+06 2.299166018014011104e-01
2.438410000000000000e+06 1.690470365840097966e-01
2.438441000000000000e+06 1.429600800622706780e-01
2.438470000000000000e+06 2.020905148448793598e-01
2.438501000000000000e+06 2.194818191927054574e-01
2.438531000000000000e+06 2.264383409318359019e-01
2.438562000000000000e+06 2.142644278883576170e-01
2.438592000000000000e+06 1.551339931057489352e-01
2.438623000000000000e+06 1.725252974535750328e-01
2.438654000000000000e+06 1.429600800622706780e-01
2.438684000000000000e+06 1.638296452796619840e-01
2.438715000000000000e+06 1.342644278883576292e-01
2.438745000000000000e+06 1.412209496274880738e-01
2.438776000000000000e+06 1.203513844100967539e-01
2.438807000000000000e+06 8.730790614922717685e-02
2.438835000000000000e+06 4.382964527966196761e-02
2.438866000000000000e+06 -1.648660068942510715e-01
2.438896000000000000e+06 -3.126920938507727898e-01
2.438927000000000000e+06 -3.579094851551206102e-01
2.438957000000000000e+06 -3.909529634159901734e-01
2.438988000000000000e+06 -3.979094851551206458e-01
2.439019000000000000e+06 -4.500833981985989385e-01
2.439049000000000000e+06 -4.466051373290337301e-01
2.439080000000000000e+06 -4.900833981985989185e-01
2.439110000000000000e+06 -4.639964416768598277e-01
2.439141000000000000e+06 -4.170399199377293198e-01
2.439172000000000000e+06 -2.518225286333815038e-01
2.439200000000000000e+06 -1.356165906816412213e-02
2.439231000000000000e+06 2.073079061492272002e-01
2.439261000000000000e+06 3.446992104970532655e-01
2.439292000000000000e+06 3.864383409318358775e-01
2.439322000000000000e+06 3.655687757144445715e-01
2.439353000000000000e+06 3.742644278883576203e-01
2.439384000000000000e+06 4.246992104970532811e-01
2.439414000000000000e+06 3.864383409318358775e-01
2.439445000000000000e+06 3.586122539753141547e-01
2.439475000000000000e+06 3.655687757144445715e-01
2.439506000000000000e+06 3.655687757144445715e-01
2.439537000000000000e+06 3.603513844100967867e-01
2.439565000000000000e+06 2.907861670187923964e-01
2.439596000000000000e+06 2.838296452796619795e-01
2.439626000000000000e+06 2.003513844100967556e-01
2.439657000000000000e+06 3.829645279661964604e-03
2.439687000000000000e+06 -1.787790503725119329e-01
2.439718000000000000e+06 -1.526920938507728143e-01
2.439749000000000000e+06 -1.805181808072945371e-01
2.439779000000000000e+06 -1.683442677638162799e-01
2.439810000000000000e+06 -2.344312242855554063e-01
2.439840000000000000e+06 -3.248660068942510470e-01
2.439871000000000000e+06 -2.326920938507728021e-01
2.439902000000000000e+06 -2.535616590681641358e-01
2.439931000000000000e+06 -3.318225286333815194e-01
2.439962000000000000e+06 -3.405181808072945682e-01
2.439992000000000000e+06 -2.953007895029466923e-01
2.440023000000000000e+06 -3.526920938507728254e-01
2.440053000000000000e+06 -4.379094851551206258e-01
2.440084000000000000e+06 -4.274747025464250005e-01
2.440115000000000000e+06 -4.466051373290337301e-01
2.440145000000000000e+06 -4.361703547203380493e-01
2.440176000000000000e+06 -2.518225286333815038e-01
2.440206000000000000e+06 -1.318225286333815083e-01
2.440237000000000000e+06 1.151339931057489274e-01
2.440268000000000000e+06 2.142644278883576170e-01
2.440296000000000000e+06 2.890470365840098199e-01
2.440327000000000000e+06 3.707861670187924119e-01
2.440357000000000000e+06 3.707861670187924119e-01
2.440388000000000000e+06 3.516557322361837379e-01
2.440418000000000000e+06 3.707861670187924119e-01
2.440449000000000000e+06 3.481774713666184740e-01
2.440480000000000000e+06 2.890470365840098199e-01
2.440510000000000000e+06 2.612209496274880416e-01
2.440541000000000000e+06 1.133948626709663232e-01
2.440571000000000000e+06 1.426442788835761630e-02
2.440602000000000000e+06 -5.877905037251195119e-02
2.440633000000000000e+06 -1.474747025464249739e-01
2.440661000000000000e+06 -1.805181808072945371e-01
2.440692000000000000e+06 -2.900833981985989074e-01
2.440722000000000000e+06 -3.405181808072945682e-01
2.440753000000000000e+06 -4.031268764594684306e-01
2.440783000000000000e+06 -3.961703547203380138e-01
2.440814000000000000e+06 -4.239964416768597366e-01
2.440845000000000000e+06 -4.605181808072946192e-01
2.440875000000000000e+06 -4.639964416768598277e-01
2.440906000000000000e+06 -4.344312242855554174e-01
2.440936000000000000e+06 -2.205181808072945449e-01
2.440967000000000000e+06 5.252529745357500945e-02
2.440998000000000000e+06 1.864383409318358942e-01
2.441026000000000000e+06 2.855687757144446115e-01
2.441057000000000000e+06 3.133948626709663343e-01
2.441087000000000000e+06 3.377426887579228487e-01
2.441118000000000000e+06 3.429600800622706891e-01
2.441148000000000000e+06 4.560035583231402123e-01
2.441179000000000000e+06 3.864383409318358775e-01
2.441210000000000000e+06 3.203513844100967511e-01
2.441240000000000000e+06 3.412209496274880571e-01
2.441271000000000000e+06 3.255687757144445915e-01
2.441301000000000000e+06 3.029600800622706536e-01
2.441332000000000000e+06 2.733948626709662988e-01
2.441363000000000000e+06 2.368731235405315549e-01
2.441392000000000000e+06 2.525252974535750483e-01
2.441423000000000000e+06 1.777426887579228454e-01
2.441453000000000000e+06 -2.170399199377293364e-01
2.441484000000000000e+06 -2.935616590681641158e-01
2.441514000000000000e+06 -3.196486155899032622e-01
2.441545000000000000e+06 -3.266051373290336790e-01
2.441576000000000000e+06 -3.666051373290336590e-01
2.441606000000000000e+06 -3.596486155899032422e-01
2.441637000000000000e+06 -3.857355721116423886e-01
2.441667000000000000e+06 -1.909529634159901901e-01
2.441698000000000000e+06 2.090470365840098044e-01
2.441729000000000000e+06 3.116557322361837024e-01
2.441757000000000000e+06 2.925252974535750283e-01
2.441788000000000000e+06 2.890470365840098199e-01
2.441818000000000000e+06 3.481774713666184740e-01
2.441849000000000000e+06 3.377426887579228487e-01
2.441879000000000000e+06 2.873079061492271880e-01
2.441910000000000000e+06 2.786122539753141392e-01
2.441941000000000000e+06 2.560035583231402567e-01
2.441971000000000000e+06 2.560035583231402567e-01
2.442002000000000000e+06 1.864383409318358942e-01
2.442032000000000000e+06 1.255687757144445804e-01
2.442063000000000000e+06 8.382964527966196844e-02
2.442094000000000000e+06 5.774268875792283595e-02
2.442122000000000000e+06 5.426442788835761366e-02
2.442153000000000000e+06 -1.161703547203380288e-01
2.442183000000000000e+06 -2.831268764594684351e-01
2.442214000000000000e+06 -3.561703547203380338e-01
2.442244000000000000e+06 -3.822573112420771801e-01
2.442275000000000000e+06 -4.205181808072945282e-01
2.442306000000000000e+06 -4.100833981985989030e-01
2.442336000000000000e+06 -3.926920938507728054e-01
2.442367000000000000e+06 -3.996486155899032222e-01
2.442397000000000000e+06 -4.135616590681641114e-01
2.442428000000000000e+06 -4.222573112420771602e-01
2.442459000000000000e+06 -3.092138329812075814e-01
2.442487000000000000e+06 -3.964861558990324941e-02
2.442518000000000000e+06 1.951339931057489430e-01
2.442548000000000000e+06 2.699166018014010904e-01
2.442579000000000000e+06 4.055687757144446071e-01
2.442609000000000000e+06 4.038296452796619751e-01
2.442640000000000000e+06 3.742644278883576203e-01
2.442671000000000000e+06 3.725252974535750439e-01
2.442701000000000000e+06 3.603513844100967867e-01
2.442732000000000000e+06 3.690470365840097799e-01
2.442762000000000000e+06 3.812209496274880371e-01
2.442793000000000000e+06 3.325252974535750083e-01
2.442824000000000000e+06 3.238296452796619596e-01
2.442853000000000000e+06 3.220905148448793831e-01
2.442884000000000000e+06 2.803513844100967711e-01
2.442914000000000000e+06 1.603513844100967478e-01
2.442945000000000000e+06 -1.457355721116423697e-01
2.442975000000000000e+06 -2.744312242855554418e-01
2.443006000000000000e+06 -3.231268764594684706e-01
2.443037000000000000e+06 -2.483442677638162954e-01
2.443067000000000000e+06 -3.387790503725119362e-01
2.443098000000000000e+06 -2.918225286333814839e-01
2.443128000000000000e+06 -3.387790503725119362e-01
2.443159000000000000e+06 -3.613877460246858742e-01
2.443190000000000000e+06 -3.579094851551206102e-01
2.443218000000000000e+06 -3.700833981985988674e-01
2.443249000000000000e+06 -3.874747025464249650e-01
2.443279000000000000e+06 -3.787790503725119162e-01
2.443310000000000000e+06 -3.544312242855554018e-01
2.443340000000000000e+06 -1.353007895029467167e-01
2.443371000000000000e+06 -5.008339819859890241e-02
2.443402000000000000e+06 1.846992104970532900e-01
2.443432000000000000e+06 2.612209496274880416e-01
2.443463000000000000e+06 3.168731235405315427e-01
2.443493000000000000e+06 4.038296452796619751e-01
2.443524000000000000e+06 4.299166018014011215e-01
2.443555000000000000e+06 3.673079061492272035e-01
2.443583000000000000e+06 3.307861670187924319e-01
2.443614000000000000e+06 3.064383409318359175e-01
2.443644000000000000e+06 3.081774713666184939e-01
2.443675000000000000e+06 2.820905148448793476e-01
2.443705000000000000e+06 2.560035583231402567e-01
2.443736000000000000e+06 2.386122539753141591e-01
2.443767000000000000e+06 2.699166018014010904e-01
2.443797000000000000e+06 2.038296452796619640e-01
2.443828000000000000e+06 1.916557322361837068e-01
2.443858000000000000e+06 1.429600800622706780e-01
2.443889000000000000e+06 1.725252974535750328e-01
2.443920000000000000e+06 2.212209496274880616e-01
2.443948000000000000e+06 -2.225731124207716571e-02
2.443979000000000000e+06 -1.474747025464249739e-01
2.444009000000000000e+06 -3.022573112420771646e-01
2.444040000000000000e+06 -3.370399199377293042e-01
2.444070000000000000e+06 -3.509529634159901934e-01
2.444101000000000000e+06 -3.857355721116423886e-01
2.444132000000000000e+06 -3.683442677638162910e-01
2.444162000000000000e+06 -3.787790503725119162e-01
2.444193000000000000e+06 -3.631268764594684506e-01
2.444223000000000000e+06 -1.613877460246858353e-01
2.444254000000000000e+06 1.551339931057489352e-01
2.444285000000000000e+06 1.673079061492271924e-01
2.444314000000000000e+06 2.716557322361837223e-01
2.444345000000000000e+06 3.116557322361837024e-01
2.444375000000000000e+06 3.238296452796619596e-01
2.444406000000000000e+06 3.742644278883576203e-01
2.444436000000000000e+06 3.846992104970533011e-01
2.444467000000000000e+06 3.707861670187924119e-01
2.444498000000000000e+06 3.360035583231402168e-01
2.444528000000000000e+06 3.255687757144445915e-01
2.444559000000000000e+06 2.942644278883576048e-01
2.444589000000000000e+06 3.012209496274880771e-01
2.444620000000000000e+06 2.838296452796619795e-01
2.444651000000000000e+06 2.664383409318358820e-01
2.444679000000000000e+06 2.455687757144445760e-01
2.444710000000000000e+06 2.125252974535750128e-01
2.444740000000000000e+06 -1.283442677638162721e-01
2.444771000000000000e+06 -3.109529634159902134e-01
2.444801000000000000e+06 -3.596486155899032422e-01
2.444832000000000000e+06 -3.753007895029467078e-01
2.444863000000000000e+06 -3.805181808072945482e-01
2.444893000000000000e+06 -4.048660068942510626e-01
2.444924000000000000e+06 -3.944312242855554373e-01
2.444954000000000000e+06 -4.170399199377293198e-01
2.444985000000000000e+06 -4.170399199377293198e-01
2.445016000000000000e+06 -4.309529634159902090e-01
2.445044000000000000e+06 -4.413877460246858342e-01
2.445075000000000000e+06 -4.309529634159902090e-01
2.445105000000000000e+06 -3.979094851551206458e-01
2.445136000000000000e+06 -3.839964416768597566e-01
2.445166000000000000e+06 -1.439964416768597655e-01
2.445197000000000000e+06 2.333948626709663188e-01
2.445228000000000000e+06 3.151339931057489108e-01
2.445258000000000000e+06 3.464383409318358975e-01
2.445289000000000000e+06 3.116557322361837024e-01
2.445319000000000000e+06 3.933948626709663499e-01
2.445350000000000000e+06 3.812209496274880371e-01
2.445381000000000000e+06 3.707861670187924119e-01
2.445409000000000000e+06 3.412209496274880571e-01
2.445440000000000000e+06 3.307861670187924319e-01
2.445470000000000000e+06 2.960035583231402367e-01
2.445501000000000000e+06 3.829645279661964604e-03
2.445531000000000000e+06 -1.561703547203380227e-01
2.445562000000000000e+06 -1.996486155899032389e-01
2.445593000000000000e+06 -2.379094851551206424e-01
2.445623000000000000e+06 -2.448660068942510593e-01
2.445654000000000000e+06 -3.300833981985988874e-01
2.445684000000000000e+06 -3.353007895029467278e-01
2.445715000000000000e+06 -3.700833981985988674e-01
2.445746000000000000e+06 -3.839964416768597566e-01
2.445775000000000000e+06 -3.839964416768597566e-01
2.445806000000000000e+06 -3.926920938507728054e-01
2.445836000000000000e+06 -4.500833981985989385e-01
2.445867000000000000e+06 -4.935616590681641824e-01
2.445897000000000000e+06 -5.074747025464250161e-01
2.445928000000000000e+06 -4.831268764594685017e-01
2.445959000000000000e+06 -4.744312242855554529e-01
2.445989000000000000e+06 -3.805181808072945482e-01
2.446020000000000000e+06 6.991660180140109315e-02
2.446050000000000000e+06 2.212209496274880616e-01
2.446081000000000000e+06 2.994818191927054452e-01
2.446112000000000000e+06 2.594818191927054651e-01
2.446140000000000000e+06 3.533948626709663143e-01
2.446171000000000000e+06 3.464383409318358975e-01
2.446201000000000000e+06 3.499166018014011059e-01
2.446232000000000000e+06 3.081774713666184939e-01
2.446262000000000000e+06 2.820905148448793476e-01
2.446293000000000000e+06 2.560035583231402567e-01
2.446324000000000000e+06 2.699166018014010904e-01
2.446354000000000000e+06 2.820905148448793476e-01
2.446385000000000000e+06 2.855687757144446115e-01
2.446415000000000000e+06 3.151339931057489108e-01
2.446446000000000000e+06 3.725252974535750439e-01
2.446477000000000000e+06 3.655687757144445715e-01
2.446505000000000000e+06 3.551339931057489463e-01
2.446536000000000000e+06 2.925252974535750283e-01
2.446566000000000000e+06 3.513399310574891882e-02
2.446597000000000000e+06 -2.292138329812075936e-01
2.446627000000000000e+06 -2.953007895029466923e-01
2.446658000000000000e+06 -2.900833981985989074e-01
2.446689000000000000e+06 -2.987790503725119562e-01
2.446719000000000000e+06 -3.109529634159902134e-01
2.446750000000000000e+06 -3.335616590681640958e-01
2.446780000000000000e+06 -3.561703547203380338e-01
2.446811000000000000e+06 -3.439964416768597766e-01
2.446842000000000000e+06 -3.544312242855554018e-01
2.446870000000000000e+06 -3.631268764594684506e-01
2.446901000000000000e+06 -3.613877460246858742e-01
2.446931000000000000e+06 -3.579094851551206102e-01
2.446962000000000000e+06 -3.213877460246858386e-01
2.446992000000000000e+06 -1.387746024685861243e-03
2.447023000000000000e+06 2.681774713666185139e-01
2.447054000000000000e+06 3.481774713666184740e-01
2.447084000000000000e+06 3.116557322361837024e-01
2.447115000000000000e+06 2.420905148448793676e-01
2.447145000000000000e+06 2.073079061492272002e-01
2.447176000000000000e+06 2.020905148448793598e-01
2.447207000000000000e+06 1.881774713666184984e-01
2.447236000000000000e+06 2.438296452796619718e-01
2.447267000000000000e+06 2.299166018014011104e-01
2.447297000000000000e+06 1.951339931057489430e-01
2.447328000000000000e+06 6.817747136661848895e-02
2.447358000000000000e+06 -6.921383298120760419e-02
2.447389000000000000e+06 -1.387746024685861243e-03
2.447420000000000000e+06 2.122094962748805047e-02
2.447450000000000000e+06 -3.269209385077281871e-02
2.447481000000000000e+06 -6.747470254642498610e-02
2.447511000000000000e+06 -6.399644167685977769e-02
2.447542000000000000e+06 -3.790948515512064521e-02
2.447573000000000000e+06 3.861225397531414111e-02
2.447601000000000000e+06 4.209051484487935646e-02
2.447632000000000000e+06 -1.526920938507728143e-01
2.447662000000000000e+06 -3.266051373290336790e-01
2.447693000000000000e+06 -3.805181808072945482e-01
2.447723000000000000e+06 -4.239964416768597366e-01
2.447754000000000000e+06 -4.135616590681641114e-01
2.447785000000000000e+06 -4.309529634159902090e-01
2.447815000000000000e+06 -4.257355721116423686e-01
2.447846000000000000e+06 -4.239964416768597366e-01
2.447876000000000000e+06 -3.822573112420771801e-01
2.447907000000000000e+06 3.513399310574891882e-02
2.447938000000000000e+06 5.252529745357500945e-02
2.447966000000000000e+06 2.977426887579228687e-01
2.447997000000000000e+06 3.238296452796619596e-01
2.448027000000000000e+06 3.238296452796619596e-01
2.448058000000000000e+06 3.725252974535750439e-01
2.448088000000000000e+06 3.360035583231402168e-01
2.448119000000000000e+06 3.429600800622706891e-01
2.448150000000000000e+06 3.342644278883576403e-01
2.448180000000000000e+06 2.977426887579228687e-01
2.448211000000000000e+06 2.994818191927054452e-01
2.448241000000000000e+06 3.412209496274880571e-01
2.448272000000000000e+06 3.064383409318359175e-01
2.448303000000000000e+06 3.290470365840097999e-01
2.448331000000000000e+06 2.907861670187923964e-01
2.448362000000000000e+06 2.681774713666185139e-01
2.448392000000000000e+06 -8.344267763816295633e-03
2.448423000000000000e+06 -2.553007895029467123e-01
2.448453000000000000e+06 -3.266051373290336790e-01
2.448484000000000000e+06 -2.935616590681641158e-01
2.448515000000000000e+06 -2.657355721116423930e-01
2.448545000000000000e+06 -2.779094851551206502e-01
2.448576000000000000e+06 -3.126920938507727898e-01
2.448606000000000000e+06 -3.318225286333815194e-01
2.448637000000000000e+06 -3.318225286333815194e-01
2.448668000000000000e+06 -3.335616590681640958e-01
2.448697000000000000e+06 -3.439964416768597766e-01
2.448728000000000000e+06 -3.474747025464249850e-01
2.448758000000000000e+06 -3.700833981985988674e-01
2.448789000000000000e+06 -3.579094851551206102e-01
2.448819000000000000e+06 -2.921383298120759989e-02
2.448850000000000000e+06 1.220905148448793720e-01
2.448881000000000000e+06 2.386122539753141591e-01
2.448911000000000000e+06 3.029600800622706536e-01
2.448942000000000000e+06 3.533948626709663143e-01
2.448972000000000000e+06 4.142644278883576558e-01
2.449003000000000000e+06 3.777426887579228287e-01
2.449034000000000000e+06 3.933948626709663499e-01
2.449062000000000000e+06 4.038296452796619751e-01
2.449093000000000000e+06 3.029600800622706536e-01
2.449123000000000000e+06 2.960035583231402367e-01
2.449154000000000000e+06 1.916557322361837068e-01
2.449184000000000000e+06 9.078616701879239914e-02
2.449215000000000000e+06 9.426442788835762143e-02
2.449246000000000000e+06 3.165573223618370347e-02
2.449276000000000000e+06 -8.486600689425108368e-02
2.449307000000000000e+06 -2.483442677638162954e-01
2.449337000000000000e+06 -3.092138329812075814e-01
2.449368000000000000e+06 -3.283442677638163110e-01
2.449399000000000000e+06 -3.526920938507728254e-01
2.449427000000000000e+06 -3.979094851551206458e-01
2.449458000000000000e+06 -4.100833981985989030e-01
2.449488000000000000e+06 -4.448660068942510426e-01
2.449519000000000000e+06 -4.622573112420771957e-01
2.449549000000000000e+06 -4.796486155899032933e-01
2.449580000000000000e+06 -4.761703547203380849e-01
2.449611000000000000e+06 -3.631268764594684506e-01
2.449641000000000000e+06 9.252529745357500335e-02
2.449672000000000000e+06 2.977426887579228687e-01
2.449702000000000000e+06 3.986122539753141347e-01
2.449733000000000000e+06 4.177426887579228643e-01
2.449764000000000000e+06 3.081774713666184939e-01
2.449792000000000000e+06 2.577426887579228332e-01
2.449823000000000000e+06 2.994818191927054452e-01
2.449853000000000000e+06 3.777426887579228287e-01
2.449884000000000000e+06 3.707861670187924119e-01
2.449914000000000000e+06 3.255687757144445915e-01
2.449945000000000000e+06 2.333948626709663188e-01
2.449976000000000000e+06 1.673079061492271924e-01
2.450006000000000000e+06 5.252529745357500945e-02
2.450037000000000000e+06 -1.196486155899032372e-01
2.450067000000000000e+06 -1.857355721116423775e-01
2.450098000000000000e+06 -2.100833981985988919e-01
2.450129000000000000e+06 -2.431268764594684550e-01
2.450158000000000000e+06 -3.074747025464250050e-01
2.450189000000000000e+06 -3.735616590681641314e-01
2.450219000000000000e+06 -4.257355721116423686e-01
2.450250000000000000e+06 -4.657355721116424041e-01
2.450280000000000000e+06 -4.570399199377293553e-01
2.450311000000000000e+06 -4.935616590681641824e-01
2.450342000000000000e+06 -5.092138329812075925e-01
2.450372000000000000e+06 -4.987790503725119673e-01
2.450403000000000000e+06 -3.857355721116423886e-01
2.450433000000000000e+06 1.078616701879239921e-02
2.450464000000000000e+06 1.464383409318358864e-01
2.450495000000000000e+06 2.820905148448793476e-01
2.450523000000000000e+06 2.925252974535750283e-01
2.450554000000000000e+06 3.707861670187924119e-01
2.450584000000000000e+06 3.707861670187924119e-01
2.450615000000000000e+06 3.986122539753141347e-01
2.450645000000000000e+06 3.533948626709663143e-01
2.450676000000000000e+06 3.064383409318359175e-01
2.450707000000000000e+06 2.768731235405315627e-01
2.450737000000000000e+06 2.386122539753141591e-01
2.450768000000000000e+06 1.342644278883576292e-01
2.450798000000000000e+06 2.296008006227066162e-02
2.450829000000000000e+06 2.122094962748805047e-02
2.450860000000000000e+06 9.047036584009791535e-03
2.450888000000000000e+06 -1.126920938507728065e-01
2.450919000000000000e+06 -3.318225286333815194e-01
2.450949000000000000e+06 -3.787790503725119162e-01
2.450980000000000000e+06 -4.083442677638162710e-01
2.451010000000000000e+06 -4.274747025464250005e-01
2.451041000000000000e+06 -4.500833981985989385e-01
2.451072000000000000e+06 -4.326920938507727854e-01
2.451102000000000000e+06 -3.996486155899032222e-01
2.451133000000000000e+06 -1.008339819859890504e-02
2.451163000000000000e+06 2.299166018014011104e-01
2.451194000000000000e+06 2.803513844100967711e-01
2.451225000000000000e+06 3.360035583231402168e-01
2.451253000000000000e+06 2.786122539753141392e-01
2.451284000000000000e+06 3.516557322361837379e-01
2.451314000000000000e+06 3.273079061492271680e-01
2.451345000000000000e+06 3.464383409318358975e-01
2.451375000000000000e+06 3.012209496274880771e-01
2.451406000000000000e+06 2.994818191927054452e-01
2.451437000000000000e+06 2.838296452796619795e-01
2.451467000000000000e+06 2.664383409318358820e-01
2.451498000000000000e+06 1.899166018014011026e-01
2.451528000000000000e+06 2.142644278883576170e-01
2.451559000000000000e+06 2.368731235405315549e-01
2.451590000000000000e+06 2.733948626709662988e-01
2.451619000000000000e+06 3.046992104970532855e-01
2.451650000000000000e+06 2.142644278883576170e-01
2.451680000000000000e+06 -1.530078950294673154e-02
2.451711000000000000e+06 -2.866051373290336990e-01
2.451741000000000000e+06 -3.822573112420771801e-01
2.451772000000000000e+06 -4.031268764594684306e-01
2.451803000000000000e+06 -3.926920938507728054e-01
2.451833000000000000e+06 -3.700833981985988674e-01
2.451864000000000000e+06 -3.318225286333815194e-01
2.451894000000000000e+06 -3.422573112420771446e-01
2.451925000000000000e+06 -3.857355721116423886e-01
2.451956000000000000e+06 -3.648660068942510826e-01
2.451984000000000000e+06 -3.596486155899032422e-01
2.452015000000000000e+06 -4.292138329812075770e-01
2.452045000000000000e+06 -4.448660068942510426e-01
2.452076000000000000e+06 -4.674747025464250361e-01
2.452106000000000000e+06 -4.987790503725119673e-01
2.452137000000000000e+06 -5.074747025464250161e-01
2.452168000000000000e+06 -4.257355721116423686e-01
2.452198000000000000e+06 -1.283442677638162721e-01
2.452229000000000000e+06 1.446992104970532822e-01
2.452259000000000000e+06 3.516557322361837379e-01
2.452290000000000000e+06 3.133948626709663343e-01
2.452321000000000000e+06 3.655687757144445715e-01
2.452349000000000000e+06 3.829600800622706691e-01
2.452380000000000000e+06 3.325252974535750083e-01
2.452410000000000000e+06 3.394818191927054807e-01
2.452441000000000000e+06 2.681774713666185139e-01
2.452471000000000000e+06 2.873079061492271880e-01
2.452502000000000000e+06 2.525252974535750483e-01
2.452533000000000000e+06 2.212209496274880616e-01
2.452563000000000000e+06 1.794818191927054496e-01
2.452594000000000000e+06 3.513399310574891882e-02
2.452624000000000000e+06 3.687312354053152996e-02
2.452655000000000000e+06 8.382964527966196844e-02
2.452686000000000000e+06 1.046992104970532744e-01
2.452714000000000000e+06 -1.877905037251194689e-02
2.452745000000000000e+06 -2.292138329812075936e-01
2.452775000000000000e+06 -3.596486155899032422e-01
2.452806000000000000e+06 -3.926920938507728054e-01
2.452836000000000000e+06 -4.361703547203380493e-01
2.452867000000000000e+06 -4.448660068942510426e-01
2.452898000000000000e+06 -4.361703547203380493e-01
2.452928000000000000e+06 -4.344312242855554174e-01
2.452959000000000000e+06 -4.500833981985989385e-01
2.452989000000000000e+06 -1.787790503725119329e-01
2.453020000000000000e+06 8.035138441009674615e-02
2.453051000000000000e+06 2.438296452796619718e-01
2.453080000000000000e+06 3.029600800622706536e-01
2.453111000000000000e+06 3.273079061492271680e-01
2.453141000000000000e+06 3.168731235405315427e-01
2.453172000000000000e+06 2.733948626709662988e-01
2.453202000000000000e+06 2.646992104970533055e-01
2.453233000000000000e+06 2.786122539753141392e-01
2.453264000000000000e+06 2.612209496274880416e-01
2.453294000000000000e+06 2.351339931057489230e-01
2.453325000000000000e+06 1.916557322361837068e-01
2.453355000000000000e+06 1.325252974535750250e-01
2.453386000000000000e+06 7.687312354053152386e-02
2.453417000000000000e+06 1.394818191927054418e-01
2.453445000000000000e+06 9.252529745357500335e-02
2.453476000000000000e+06 -2.013877460246858431e-01
2.453506000000000000e+06 -3.544312242855554018e-01
2.453537000000000000e+06 -3.892138329812075970e-01
2.453567000000000000e+06 -4.292138329812075770e-01
2.453598000000000000e+06 -4.413877460246858342e-01
2.453629000000000000e+06 -4.448660068942510426e-01
2.453659000000000000e+06 -4.483442677638163065e-01
2.453690000000000000e+06 -4.709529634159902445e-01
2.453720000000000000e+06 -4.553007895029467789e-01
2.453751000000000000e+06 -3.926920938507728054e-01
2.453782000000000000e+06 -5.356165906816412470e-02
2.453810000000000000e+06 2.525252974535750483e-01
2.453841000000000000e+06 2.560035583231402567e-01
2.453871000000000000e+06 2.925252974535750283e-01
2.453902000000000000e+06 3.220905148448793831e-01
2.453932000000000000e+06 3.273079061492271680e-01
2.453963000000000000e+06 2.316557322361837146e-01
2.453994000000000000e+06 2.977426887579228687e-01
2.454024000000000000e+06 2.699166018014010904e-01
2.454055000000000000e+06 2.629600800622706736e-01
2.454085000000000000e+06 2.351339931057489230e-01
2.454116000000000000e+06 2.020905148448793598e-01
2.454147000000000000e+06 2.003513844100967556e-01
2.454175000000000000e+06 1.325252974535750250e-01
2.454206000000000000e+06 -1.474747025464249739e-01
2.454236000000000000e+06 -3.318225286333815194e-01
2.454267000000000000e+06 -4.083442677638162710e-01
2.454297000000000000e+06 -4.361703547203380493e-01
2.454328000000000000e+06 -4.413877460246858342e-01
2.454359000000000000e+06 -4.500833981985989385e-01
2.454389000000000000e+06 -4.413877460246858342e-01
2.454420000000000000e+06 -4.483442677638163065e-01
2.454450000000000000e+06 -3.526920938507728254e-01
2.454481000000000000e+06 -1.109529634159902023e-01
2.454512000000000000e+06 1.742644278883576370e-01
2.454541000000000000e+06 3.029600800622706536e-01
2.454572000000000000e+06 3.238296452796619596e-01
2.454602000000000000e+06 3.238296452796619596e-01
2.454633000000000000e+06 3.812209496274880371e-01
2.454663000000000000e+06 3.429600800622706891e-01
2.454694000000000000e+06 3.133948626709663343e-01
2.454725000000000000e+06 2.907861670187923964e-01
2.454755000000000000e+06 2.699166018014010904e-01
2.454786000000000000e+06 2.386122539753141591e-01
2.454816000000000000e+06 3.012209496274880771e-01
2.454847000000000000e+06 3.151339931057489108e-01
2.454878000000000000e+06 3.777426887579228287e-01
2.454906000000000000e+06 3.133948626709663343e-01
2.454937000000000000e+06 2.873079061492271880e-01
2.454967000000000000e+06 1.638296452796619840e-01
2.454998000000000000e+06 -1.248660068942510637e-01
2.455028000000000000e+06 -2.866051373290336990e-01
2.455059000000000000e+06 -2.709529634159901779e-01
2.455090000000000000e+06 -2.744312242855554418e-01
2.455120000000000000e+06 -2.379094851551206424e-01
2.455151000000000000e+06 -3.300833981985988874e-01
2.455181000000000000e+06 -3.422573112420771446e-01
2.455212000000000000e+06 -3.526920938507728254e-01
2.455243000000000000e+06 -3.648660068942510826e-01
2.455271000000000000e+06 -3.596486155899032422e-01
2.455302000000000000e+06 -3.631268764594684506e-01
2.455332000000000000e+06 -3.492138329812075614e-01
2.455363000000000000e+06 -3.874747025464249650e-01
2.455393000000000000e+06 5.568775714444573581e-03
2.455424000000000000e+06 3.116557322361837024e-01
2.455455000000000000e+06 3.412209496274880571e-01
2.455485000000000000e+06 3.099166018014011259e-01
2.455516000000000000e+06 3.133948626709663343e-01
2.455546000000000000e+06 2.525252974535750483e-01
2.455577000000000000e+06 2.768731235405315627e-01
2.455608000000000000e+06 2.768731235405315627e-01
2.455636000000000000e+06 2.838296452796619795e-01
2.455667000000000000e+06 2.681774713666185139e-01
2.455697000000000000e+06 2.751339931057489308e-01
2.455728000000000000e+06 2.299166018014011104e-01
2.455758000000000000e+06 1.238296452796619762e-01
2.455789000000000000e+06 1.516557322361837268e-01
2.455820000000000000e+06 5.252529745357500945e-02
2.455850000000000000e+06 -2.225731124207716571e-02
2.455881000000000000e+06 -2.205181808072945449e-01
2.455911000000000000e+06 -3.074747025464250050e-01
2.455942000000000000e+06 -3.057355721116423730e-01
2.455973000000000000e+06 -2.622573112420771291e-01
2.456002000000000000e+06 -2.692138329812076014e-01
2.456033000000000000e+06 -3.387790503725119362e-01
2.456063000000000000e+06 -4.239964416768597366e-01
2.456094000000000000e+06 -4.570399199377293553e-01
2.456124000000000000e+06 -4.587790503725119873e-01
2.456155000000000000e+06 -4.953007895029467589e-01
2.456186000000000000e+06 -4.674747025464250361e-01
2.456216000000000000e+06 -4.761703547203380849e-01
2.456247000000000000e+06 -4.744312242855554529e-01
2.456277000000000000e+06 -1.718225286333814883e-01
2.456308000000000000e+06 2.643834093183587697e-02
2.456339000000000000e+06 1.394818191927054418e-01
2.456367000000000000e+06 2.629600800622706736e-01
2.456398000000000000e+06 2.855687757144446115e-01
2.456428000000000000e+06 2.977426887579228687e-01
2.456459000000000000e+06 3.812209496274880371e-01
2.456489000000000000e+06 3.638296452796619951e-01
2.456520000000000000e+06 3.203513844100967511e-01
2.456551000000000000e+06 3.499166018014011059e-01
2.456581000000000000e+06 3.151339931057489108e-01
2.456612000000000000e+06 3.133948626709663343e-01
2.456642000000000000e+06 3.116557322361837024e-01
2.456673000000000000e+06 3.655687757144445715e-01
2.456704000000000000e+06 3.273079061492271680e-01
2.456732000000000000e+06 3.046992104970532855e-01
2.456763000000000000e+06 2.612209496274880416e-01
2.456793000000000000e+06 -1.196486155899032372e-01
2.456824000000000000e+06 -3.405181808072945682e-01
2.456854000000000000e+06 -4.257355721116423686e-01
2.456885000000000000e+06 -4.048660068942510626e-01
2.456916000000000000e+06 -4.431268764594684662e-01
2.456946000000000000e+06 -4.535616590681641469e-01
2.456977000000000000e+06 -4.344312242855554174e-01
2.457007000000000000e+06 -3.909529634159901734e-01
2.457038000000000000e+06 -3.753007895029467078e-01
2.457069000000000000e+06 -4.048660068942510626e-01
2.457097000000000000e+06 -4.379094851551206258e-01
2.457128000000000000e+06 -4.326920938507727854e-01
2.457158000000000000e+06 -1.353007895029467167e-01
2.457189000000000000e+06 2.386122539753141591e-01
2.457219000000000000e+06 3.325252974535750083e-01
2.457250000000000000e+06 3.429600800622706891e-01
2.457281000000000000e+06 3.899166018014010859e-01
2.457311000000000000e+06 3.377426887579228487e-01
2.457342000000000000e+06 3.481774713666184740e-01
2.457372000000000000e+06 2.629600800622706736e-01
2.457403000000000000e+06 2.820905148448793476e-01
2.457434000000000000e+06 2.733948626709662988e-01
2.457463000000000000e+06 1.446992104970532822e-01
2.457494000000000000e+06 8.382964527966196844e-02
2.457524000000000000e+06 2.003513844100967556e-01
2.457555000000000000e+06 2.299166018014011104e-01
2.457585000000000000e+06 2.907861670187923964e-01
2.457616000000000000e+06 3.812209496274880371e-01
2.457647000000000000e+06 3.725252974535750439e-01
2.457677000000000000e+06 3.551339931057489463e-01
2.457708000000000000e+06 3.812209496274880371e-01
2.457738000000000000e+06 4.142644278883576558e-01
2.457769000000000000e+06 4.055687757144446071e-01
2.457800000000000000e+06 4.160035583231402323e-01
2.457828000000000000e+06 3.742644278883576203e-01
2.457859000000000000e+06 3.446992104970532655e-01
2.457889000000000000e+06 2.090470365840098044e-01
2.457920000000000000e+06 -1.439964416768597655e-01
2.457950000000000000e+06 -3.370399199377293042e-01
2.457981000000000000e+06 -3.370399199377293042e-01
2.458012000000000000e+06 -3.213877460246858386e-01
2.458042000000000000e+06 -3.405181808072945682e-01
2.458073000000000000e+06 -3.631268764594684506e-01
2.458103000000000000e+06 -3.805181808072945482e-01
2.458134000000000000e+06 -3.996486155899032222e-01
2.458165000000000000e+06 -3.753007895029467078e-01
