      40
      60
      75
      90
     110
     164
     155
     130
     122
     112
     158
     190
      80
      30
      60
     -30
    -100
    -150
    -205
    -195
    -220
    -235
    -210
    -195
    -105
     -25
       5
     100
     105
     145
      90
     105
     100
      95
     105
      90
      80
      68
      95
      85
      -8
     -75
    -145
    -165
    -155
    -180
    -200
    -205
    -215
    -220
    -205
    -148
     -77
      78
     109
     125
     114
     113
     118
     120
      91
      74
      85
     106
     123
      91
      36
       5
     -25
     -66
    -112
    -173
    -106
    -136
    -142
    -189
    -219
    -172
     -25
      61
      86
     101
     112
      78
      50
      67
      70
      60
      69
      -8
     -75
    -108
    -133
    -152
    -188
    -203
    -210
    -224
    -220
    -118
      43
     127
     117
      67
      39
      83
     124
      99
     114
     121
     124
     129
     168
     142
      74
      71
      41
      10
     -18
     -36
     -80
     -78
    -118
    -178
    -206
    -225
    -228
    -200
     -59
      46
      76
      99
      37
      44
      78
      68
     120
     133
     184
     178
     165
     160
     170
      98
     117
     121
     127
     128
     132
      47
     -33
     -81
    -143
    -163
    -220
    -228
    -223
    -222
    -225
    -188
    -144
      13
      70
      46
      68
      92
      82
     113
     101
     102
      98
     132
     181
     167
     175
     161
     132
      91
     111
     107
     120
      94
      82
      70
      -3
     -91
     -98
    -152
    -134
    -129
    -144
    -179
    -167
    -143
    -162
     -85
      70
      86
     139
     157
     137
     122
     120
     147
     119
     100
      93
     121
      77
     -36
    -115
    -151
    -184
    -194
    -204
    -216
    -183
    -178
    -190
    -123
      34
      77
     124
     119
      99
     124
     133
     139
     134
     116
     142
     145
     118
      20
     -87
    -165
    -196
    -238
    -235
    -215
    -212
    -174
     -29
      46
     105
     122
     134
     130
     124
     102
     104
      90
     102
      88
     108
     120
      74
       0
     -51
     -97
    -111
    -125
    -125
    -132
    -134
    -125
    -136
    -135
    -183
     -46
      21
      87
     108
     105
     114
     110
      99
     105
     104
     119
     124
     104
     113
     105
      86
      65
      51
      18
     -19
     -35
     -45
     -70
    -145
    -211
    -205
    -220
    -230
    -244
    -174
     -20
      38
      79
      84
      85
     109
     100
     105
     104
      90
     110
     119
     138
     116
     112
      99
     100
      82
     -18
    -118
    -176
    -193
    -188
    -218
    -242
    -232
    -218
    -190
    -206
    -104
      87
     110
     117
     104
     115
     119
     130
     111
     100
     102
     125
     134
     104
      92
      70
      53
      65
     -11
     -55
     -40
     -48
     -79
    -144
    -192
    -205
    -240
    -210
    -136
       2
      75
     131
     132
     136
     148
     137
     124
     118
     121
     109
     102
     102
      64
      52
      29
      48
      64
      46
     -75
    -192
    -238
    -258
    -262
    -242
    -253
    -239
    -209
    -142
      -4
      70
     110
      80
      94
      87
     114
     114
     113
     103
     115
     124
     119
     130
     127
      94
      92
      90
      88
      91
      70
      48
      39
      32
      19
     -74
    -192
    -231
    -267
    -224
     -62
      68
      83
      66
      91
      77
      74
      68
      92
      98
     105
     103
     104
     100
     106
     120
     117
     102
     117
     100
      92
      -3
     -36
     -58
    -119
    -152
    -166
    -184
    -214
    -210
    -221
    -142
      22
     118
      86
      78
      95
      70
     104
      79
      60
     106
      50
      70
      90
      35
     -21
     -30
     -16
      -8
     -12
     -20
     -21
     -10
      -9
     -48
    -159
    -214
    -243
    -259
    -253
    -239
     -90
      44
      74
      86
      78
      91
     118
     100
      86
      83
     103
      89
     103
      83
      84
      66
      74
      34
     -97
    -211
    -248
    -269
    -278
    -280
    -243
     -64
      26
      25
      48
      58
     112
     120
     106
      99
     102
     102
      97
      98
      86
      87
      83
      89
     -10
    -140
    -190
    -199
    -207
    -223
    -203
    -199
    -185
    -183
    -192
     -36
      35
     118
     137
     137
     122
      99
     122
      68
      80
     103
      82
     103
     -60
    -172
    -214
    -230
    -237
    -231
    -238
    -239
    -237
    -167
       3
      50
      52
     101
      85
     100
     100
     125
     110
     122
     123
     124
     134
     127
     140
     143
     127
     124
     112
      70
      52
      40
      59
      51
      56
      52
      -5
     -80
    -158
    -184
    -202
    -199
    -205
    -205
    -185
    -100
      43
      99
     115
      92
      85
      87
      80
      92
      68
      67
      58
      63
      47
      59
      47
      14
     -29
     -85
    -102
    -133
    -164
    -180
    -204
    -192
    -177
      11
      89
     112
     108
      74
      70
      92
      56
      67
      55
      98
     146
      85
      82
     -12
     -71
    -120
    -144
    -173
    -173
    -198
    -152
    -138
    -154
    -201
     -71
      79
     107
      86
     109
      92
     104
     124
      96
     111
     103
     128
      92
     -39
    -100
    -151
    -162
    -175
    -204
    -200
    -190
    -187
    -208
    -199
     -10
      53
     116
      79
      65
      83
      72
      90
     118
     149
      98
     134
     145
     100
      98
      82
     112
     105
      83
     104
      58
      51
      -8
    -159
    -234
    -235
    -278
    -178
      38
      77
      72
      76
      45
      52
      58
      53
      97
     127
      99
     126
     118
     107
     101
      59
      44
      64
      65
      69
      48
     -11
     -82
     -93
    -107
    -121
    -128
    -172
    -135
    -143
    -183
    -208
    -113
      47
      88
      93
      87
     110
      90
      94
     112
     114
      92
     147
     141
     101
      51
      72
      53
      31
     -20
    -106
    -110
    -108
    -141
    -182
    -217
    -230
    -116
      46
     108
     102
      99
      55
      51
      48
      57
     -54
    -183
    -234
    -162
     -34
      31
      77
      89
     113
     132
     145
     107
     118
     148
     134
     111
     108
     100
      92
      80
      62
      64
      86
