     220
     210
     190
     140
     110
      80
      70
      50
      28
      10
     -15
     -60
    -110
    -160
    -200
    -220
    -235
    -230
    -245
    -250
    -185
    -100
      60
      75
     105
     108
     105
     145
     190
     185
     190
     211
     180
     163
      66
      59
     -22
     -62
    -112
    -224
    -222
    -252
    -249
    -266
    -282
    -276
    -246
     -84
     -21
     -13
      92
     120
     137
     141
     147
     160
     180
     144
     117
     110
      60
      49
      37
     -63
    -197
    -204
    -233
    -257
    -277
    -304
    -337
    -330
    -267
    -258
    -255
    -217
     -60
     135
     207
     193
     190
     127
      83
      40
      -2
     -18
     -46
    -124
    -182
    -252
    -260
    -256
    -255
    -249
    -208
    -155
     -13
      29
      38
     114
     142
     181
     140
     126
      89
      98
     125
      69
      55
      69
      49
     -27
    -161
    -228
    -252
    -275
    -280
    -311
    -302
    -292
    -282
    -333
    -346
    -328
    -317
    -215
     -15
      36
      85
      65
      70
      70
      35
      20
      54
      64
      68
      61
      27
      37
      20
      32
      15
      19
       7
     -12
     -37
    -157
    -242
    -268
    -287
    -291
    -321
    -319
    -344
    -329
    -302
    -207
     -70
      57
     136
     160
     148
     153
     182
     160
     144
     148
     148
     145
     105
     101
      53
     -60
    -165
    -150
    -166
    -159
    -197
    -249
    -196
    -208
    -253
    -258
    -232
    -265
    -314
    -308
    -319
    -313
    -207
    -138
       4
      61
     104
     151
     151
     140
     151
     138
     104
      88
       3
     -54
     -96
    -147
    -166
    -229
    -258
    -294
    -290
    -306
    -327
    -329
    -312
    -189
     -32
      45
     102
     118
     132
     135
     200
     160
     122
     134
     125
     112
      95
      74
      83
      40
    -187
    -231
    -246
    -250
    -273
    -269
    -284
    -172
      58
     117
     106
     104
     138
     132
     103
      98
      85
      85
      45
      10
     -14
     -29
     -31
    -129
    -225
    -267
    -282
    -304
    -298
    -288
    -292
    -300
    -305
    -240
     -85
      50
      93
     171
     170
     153
     152
     145
     150
     157
     129
     124
     123
      99
      30
    -146
    -220
    -248
    -205
    -257
    -230
    -257
    -270
    -268
    -275
    -285
    -280
    -266
    -140
     -91
      44
      88
     120
     170
     185
     149
     128
     114
     115
     100
      85
      75
      93
      55
      48
      20
      37
      65
     -75
    -147
    -236
    -256
    -264
    -284
    -274
    -280
    -271
    -155
      27
      34
      94
     117
     124
     153
     159
     151
     131
     125
     107
     111
     101
      91
      79
      60
    -136
    -241
    -269
    -278
    -281
    -295
    -289
    -302
    -302
    -310
    -316
    -310
    -291
    -283
    -145
      72
     119
     137
     117
     164
     157
     151
     134
     128
     108
     -60
    -152
    -177
    -199
    -203
    -252
    -255
    -275
    -283
    -283
    -288
    -321
    -346
    -354
    -340
    -335
    -281
     -22
      65
     110
      87
     141
     137
     139
     115
     100
      85
      93
     100
     102
     119
     152
     148
     142
     106
     -42
    -194
    -232
    -229
    -234
    -241
    -254
    -267
    -260
    -266
    -271
    -270
    -268
    -247
     -63
      92
     138
     117
      77
      57
      54
      46
      78
      70
      50
     -23
    -102
     -63
     -50
     -81
    -101
     -99
     -84
     -40
     -38
    -150
    -250
    -281
    -306
    -300
    -310
    -307
    -306
    -282
     -42
     -32
     109
     124
     124
     152
     131
     135
     130
     109
     110
     134
     114
     127
     105
      92
     -67
    -209
    -250
    -231
    -215
    -222
    -242
    -253
    -253
    -254
    -260
    -262
    -275
    -268
     -79
       8
      75
     112
     141
     176
     155
     164
     170
     112
     108
      48
     -10
      -8
     -44
    -111
    -205
    -240
    -251
    -265
    -291
    -298
    -318
    -328
    -338
    -336
    -271
      -9
     109
     167
     178
     115
      86
     110
     155
     151
     125
      72
      34
     -32
    -131
    -169
    -183
    -202
    -239
    -277
    -307
    -330
    -325
    -346
    -355
    -349
    -284
     -56
      22
     100
     106
     151
     151
     167
     141
     114
      97
      75
      15
     -49
     -50
     -57
    -127
    -253
    -280
    -297
    -308
    -321
    -311
    -292
     -68
      70
      99
     131
      98
     140
     126
     137
     111
     110
     101
      91
      47
      61
      74
      95
     113
      61
     -71
    -227
    -282
    -294
    -288
    -275
    -253
    -259
    -284
    -272
    -269
    -309
    -318
    -331
    -349
    -354
    -307
    -136
      21
     140
     118
     148
     158
     129
     133
      92
     103
      83
      65
      41
     -42
     -41
     -14
      -2
     -73
    -194
    -269
    -288
    -313
    -318
    -313
    -312
    -321
    -165
     -16
      78
     112
     126
     120
      95
      90
      98
      88
      73
      48
      14
     -18
      18
      -9
    -178
    -266
    -286
    -309
    -316
    -318
    -320
    -333
    -324
    -288
     -93
      83
      85
     106
     123
     126
      71
     109
      93
      89
      73
      54
      53
      14
    -147
    -253
    -297
    -313
    -316
    -321
    -316
    -320
    -265
    -126
      38
     112
     124
     124
     157
     135
     118
     105
      93
      75
     111
     119
     155
     118
     103
      32
    -134
    -227
    -218
    -220
    -199
    -252
    -259
    -265
    -272
    -269
    -271
    -263
    -285
     -59
     117
     134
     116
     118
      83
      97
      97
     101
      92
      96
      70
       9
      25
     -32
     -75
    -189
    -239
    -238
    -213
    -217
    -257
    -306
    -325
    -326
    -347
    -331
    -336
    -335
    -161
     -47
      18
      89
     102
     109
     157
     147
     122
     139
     119
     118
     117
     148
     126
     113
      88
    -131
    -258
    -307
    -295
    -317
    -323
    -312
    -287
    -278
    -295
    -314
    -311
    -140
      75
     129
     135
     162
     132
     138
      89
     100
      95
      21
     -14
      53
      70
     105
     157
     152
     142
     157
     176
     171
     177
     153
     136
      58
    -145
    -256
    -256
    -247
    -258
    -271
    -281
    -292
    -278
