2.434393000000000000e+06 8.213799858518799901e-02
2.434424000000000000e+06 1.246911900745497070e-01
2.434452000000000000e+06 1.566060836915710019e-01
2.434483000000000000e+06 1.885209773085922691e-01
2.434513000000000000e+06 2.310741687979539771e-01
2.434544000000000000e+06 3.459677858192305444e-01
2.434574000000000000e+06 3.268188496490177508e-01
2.434605000000000000e+06 2.736273602873156574e-01
2.434636000000000000e+06 2.566060836915710075e-01
2.434666000000000000e+06 2.353294879468901535e-01
2.434697000000000000e+06 3.332018283724220153e-01
2.434727000000000000e+06 4.012869347554007815e-01
2.434758000000000000e+06 1.672443815639114151e-01
2.434789000000000000e+06 6.086140284050715193e-02
2.434817000000000000e+06 1.246911900745497070e-01
2.434848000000000000e+06 -6.679817162757795135e-02
2.434878000000000000e+06 -2.157343418403439017e-01
2.434909000000000000e+06 -3.221173205637481995e-01
2.434939000000000000e+06 -4.391385971594928828e-01
2.434970000000000000e+06 -4.178620014148120010e-01
2.435001000000000000e+06 -4.710534907765141499e-01
2.435031000000000000e+06 -5.029683843935354171e-01
2.435062000000000000e+06 -4.497768950318332681e-01
2.435092000000000000e+06 -4.178620014148120010e-01
2.435123000000000000e+06 -2.263726397126843148e-01
2.435154000000000000e+06 -5.615987375523752434e-02
2.435182000000000000e+06 7.669913478805028169e-03
2.435213000000000000e+06 2.097975730532731231e-01
2.435243000000000000e+06 2.204358709256135640e-01
2.435274000000000000e+06 3.055422539043369246e-01
2.435304000000000000e+06 1.885209773085922691e-01
2.435335000000000000e+06 2.204358709256135640e-01
2.435366000000000000e+06 2.097975730532731231e-01
2.435396000000000000e+06 1.991592751809327100e-01
2.435427000000000000e+06 2.204358709256135640e-01
2.435457000000000000e+06 1.885209773085922691e-01
2.435488000000000000e+06 1.672443815639114151e-01
2.435519000000000000e+06 1.417124666702944125e-01
2.435548000000000000e+06 1.991592751809327100e-01
2.435579000000000000e+06 1.778826794362518560e-01
2.435609000000000000e+06 -1.998966098928008084e-02
2.435640000000000000e+06 -1.625428524786417528e-01
2.435670000000000000e+06 -3.114790226914077587e-01
2.435701000000000000e+06 -3.540322141807694667e-01
2.435732000000000000e+06 -3.327556184360885849e-01
2.435762000000000000e+06 -3.859471077977907338e-01
2.435793000000000000e+06 -4.285002992871524419e-01
2.435823000000000000e+06 -4.391385971594928828e-01
2.435854000000000000e+06 -4.604151929041737090e-01
2.435885000000000000e+06 -4.710534907765141499e-01
2.435913000000000000e+06 -4.391385971594928828e-01
2.435944000000000000e+06 -3.178620014148120232e-01
2.435974000000000000e+06 -1.667981716275779291e-01
2.436005000000000000e+06 1.629890624149752665e-01
2.436035000000000000e+06 2.289465092234858890e-01
2.436066000000000000e+06 2.629890624149752720e-01
2.436097000000000000e+06 2.395848070958263298e-01
2.436127000000000000e+06 2.374571475213582417e-01
2.436158000000000000e+06 2.480954453936986548e-01
2.436188000000000000e+06 2.523507645426348311e-01
2.436219000000000000e+06 1.906486368830603573e-01
2.436250000000000000e+06 1.544784241171029138e-01
2.436278000000000000e+06 1.778826794362518560e-01
2.436309000000000000e+06 2.225635305000816244e-01
2.436339000000000000e+06 2.587337432660390957e-01
2.436370000000000000e+06 1.906486368830603573e-01
2.436400000000000000e+06 7.362736028731566018e-02
2.436431000000000000e+06 7.669913478805028169e-03
2.436462000000000000e+06 -5.615987375523752434e-02
2.436492000000000000e+06 -1.433939163084289869e-01
2.436523000000000000e+06 -2.412662567339609043e-01
2.436553000000000000e+06 -3.710534907765141166e-01
2.436584000000000000e+06 -2.285002992871524030e-01
2.436615000000000000e+06 -2.923300865211949651e-01
2.436643000000000000e+06 -3.050960439680034941e-01
2.436674000000000000e+06 -4.050960439680034719e-01
2.436704000000000000e+06 -4.689258312020460617e-01
2.436735000000000000e+06 -3.689258312020460284e-01
2.436765000000000000e+06 -5.615987375523752434e-02
2.436796000000000000e+06 1.268188496490177952e-01
2.436827000000000000e+06 1.800103390107199441e-01
2.436857000000000000e+06 2.119252326277412113e-01
2.436888000000000000e+06 2.353294879468901535e-01
2.436918000000000000e+06 1.629890624149752665e-01
2.436949000000000000e+06 1.034145943298688530e-01
2.436980000000000000e+06 1.395848070958263243e-01
2.437009000000000000e+06 1.459677858192305611e-01
2.437040000000000000e+06 1.246911900745497070e-01
2.437070000000000000e+06 1.438401262447625006e-01
2.437101000000000000e+06 -1.998966098928008084e-02
2.437131000000000000e+06 -1.625428524786417528e-01
2.437162000000000000e+06 -2.327556184360885794e-01
2.437193000000000000e+06 -2.859471077977907560e-01
2.437223000000000000e+06 -3.263726397126843759e-01
2.437254000000000000e+06 -4.029683843935354393e-01
2.437284000000000000e+06 -4.348832780105567064e-01
2.437315000000000000e+06 -4.497768950318332681e-01
2.437346000000000000e+06 -4.795641290743865026e-01
2.437374000000000000e+06 -4.710534907765141499e-01
2.437405000000000000e+06 -2.540322141807694334e-01
2.437435000000000000e+06 8.852097730859226354e-02
2.437466000000000000e+06 2.672443815639114484e-01
2.437496000000000000e+06 2.459677858192305666e-01
2.437527000000000000e+06 1.395848070958263243e-01
2.437558000000000000e+06 8.001033901071992471e-02
2.437588000000000000e+06 1.736273602873156796e-01
2.437619000000000000e+06 2.608614028405071839e-01
2.437649000000000000e+06 2.076699134788050349e-01
2.437680000000000000e+06 2.395848070958263298e-01
2.437711000000000000e+06 2.544784241171029193e-01
2.437739000000000000e+06 2.608614028405071839e-01
2.437770000000000000e+06 2.714997007128475692e-01
2.437800000000000000e+06 3.544784241171028971e-01
2.437831000000000000e+06 2.991592751809326600e-01
2.437861000000000000e+06 1.544784241171029138e-01
2.437892000000000000e+06 1.480954453936986492e-01
2.437923000000000000e+06 8.426565815965608719e-02
2.437953000000000000e+06 1.830821135114545084e-02
2.437984000000000000e+06 -4.126625673396092792e-02
2.438014000000000000e+06 -7.956412907438646653e-02
2.438045000000000000e+06 -1.731811503509821937e-01
2.438076000000000000e+06 -1.689258312020460173e-01
2.438104000000000000e+06 -2.540322141807694334e-01
2.438135000000000000e+06 -3.816917886488545575e-01
2.438165000000000000e+06 -4.412662567339609709e-01
2.438196000000000000e+06 -4.816917886488545353e-01
2.438226000000000000e+06 -4.880747673722587998e-01
2.438257000000000000e+06 -4.285002992871524419e-01
2.438288000000000000e+06 -1.285002992871524252e-01
2.438318000000000000e+06 9.490395603199651420e-02
2.438349000000000000e+06 1.587337432660390901e-01
2.438379000000000000e+06 2.076699134788050349e-01
2.438410000000000000e+06 7.575501986178374836e-02
2.438441000000000000e+06 9.064863688306035172e-02
2.438470000000000000e+06 1.629890624149752665e-01
2.438501000000000000e+06 1.417124666702944125e-01
2.438531000000000000e+06 2.523507645426348311e-01
2.438562000000000000e+06 2.800103390107199219e-01
2.438592000000000000e+06 3.885209773085922524e-01
2.438623000000000000e+06 3.757550198617837234e-01
2.438654000000000000e+06 3.480954453936986326e-01
2.438684000000000000e+06 3.374571475213581917e-01
2.438715000000000000e+06 3.587337432660390735e-01
2.438745000000000000e+06 2.055422539043369468e-01
2.438776000000000000e+06 2.459677858192305666e-01
2.438807000000000000e+06 2.544784241171029193e-01
2.438835000000000000e+06 2.672443815639114484e-01
2.438866000000000000e+06 2.693720411383795366e-01
2.438896000000000000e+06 2.778826794362518338e-01
2.438927000000000000e+06 9.703161560646460237e-02
2.438957000000000000e+06 -7.318115035098220200e-02
2.438988000000000000e+06 -1.753088099254502819e-01
2.439019000000000000e+06 -3.072237035424715823e-01
2.439049000000000000e+06 -3.497768950318332903e-01
2.439080000000000000e+06 -4.710534907765141499e-01
2.439110000000000000e+06 -4.880747673722587998e-01
2.439141000000000000e+06 -4.774364694999184144e-01
2.439172000000000000e+06 -4.753088099254503263e-01
2.439200000000000000e+06 -4.816917886488545353e-01
2.439231000000000000e+06 -4.029683843935354393e-01
2.439261000000000000e+06 -3.093513631169396705e-01
2.439292000000000000e+06 2.469119007454970843e-02
2.439322000000000000e+06 1.459677858192305611e-01
2.439353000000000000e+06 9.490395603199651420e-02
2.439384000000000000e+06 1.417124666702944125e-01
2.439414000000000000e+06 1.927762964575284454e-01
2.439445000000000000e+06 1.714997007128475914e-01
2.439475000000000000e+06 2.374571475213582417e-01
2.439506000000000000e+06 2.119252326277412113e-01
2.439537000000000000e+06 2.140528922022092995e-01
2.439565000000000000e+06 2.055422539043369468e-01
2.439596000000000000e+06 2.778826794362518338e-01
2.439626000000000000e+06 3.821379985851879879e-01
2.439657000000000000e+06 3.523507645426348089e-01
2.439687000000000000e+06 3.693720411383794588e-01
2.439718000000000000e+06 3.395848070958262799e-01
2.439749000000000000e+06 2.778826794362518338e-01
2.439779000000000000e+06 1.906486368830603573e-01
2.439810000000000000e+06 2.332018283724220653e-01
2.439840000000000000e+06 2.246911900745497126e-01
2.439871000000000000e+06 2.523507645426348311e-01
2.439902000000000000e+06 1.970316156064646218e-01
2.439931000000000000e+06 1.714997007128475914e-01
2.439962000000000000e+06 1.459677858192305611e-01
2.439992000000000000e+06 -9.351363116939653830e-03
2.440023000000000000e+06 -1.965854056701311359e-01
2.440053000000000000e+06 -2.114790226914077254e-01
2.440084000000000000e+06 -3.263726397126843759e-01
2.440115000000000000e+06 -2.880747673722588442e-01
2.440145000000000000e+06 -2.774364694999184033e-01
2.440176000000000000e+06 -3.093513631169396705e-01
2.440206000000000000e+06 -3.838194482233226457e-01
2.440237000000000000e+06 -3.582875333297056430e-01
2.440268000000000000e+06 -3.072237035424715823e-01
2.440296000000000000e+06 -3.476492354573652022e-01
2.440327000000000000e+06 -1.838194482233226068e-01
2.440357000000000000e+06 1.459677858192305611e-01
2.440388000000000000e+06 1.800103390107199441e-01
2.440418000000000000e+06 2.927762964575283955e-01
2.440449000000000000e+06 3.310741687979539272e-01
2.440480000000000000e+06 2.885209773085922191e-01
2.440510000000000000e+06 2.566060836915710075e-01
2.440541000000000000e+06 2.523507645426348311e-01
2.440571000000000000e+06 3.097975730532731009e-01
2.440602000000000000e+06 2.502231049681667430e-01
2.440633000000000000e+06 2.097975730532731231e-01
2.440661000000000000e+06 1.949039560319965336e-01
2.440692000000000000e+06 2.544784241171029193e-01
2.440722000000000000e+06 1.608614028405071783e-01
2.440753000000000000e+06 -7.956412907438646653e-02
2.440783000000000000e+06 -2.476492354573651689e-01
2.440814000000000000e+06 -3.242449801382162877e-01
2.440845000000000000e+06 -3.944577460956630865e-01
2.440875000000000000e+06 -4.157343418403439128e-01
2.440906000000000000e+06 -4.370109375850247946e-01
2.440936000000000000e+06 -4.625428524786417972e-01
2.440967000000000000e+06 -3.923300865211949984e-01
2.440998000000000000e+06 -3.816917886488545575e-01
2.441026000000000000e+06 -4.072237035424715601e-01
2.441057000000000000e+06 -2.646705120531098743e-01
2.441087000000000000e+06 6.937204113837949770e-02
2.441118000000000000e+06 1.608614028405071783e-01
2.441148000000000000e+06 2.608614028405071839e-01
2.441179000000000000e+06 2.502231049681667430e-01
2.441210000000000000e+06 2.076699134788050349e-01
2.441240000000000000e+06 2.608614028405071839e-01
2.441271000000000000e+06 2.800103390107199219e-01
2.441301000000000000e+06 2.927762964575283955e-01
2.441332000000000000e+06 2.821379985851880101e-01
2.441363000000000000e+06 2.438401262447624784e-01
2.441392000000000000e+06 2.991592751809326600e-01
2.441423000000000000e+06 3.055422539043369246e-01
2.441453000000000000e+06 2.480954453936986548e-01
2.441484000000000000e+06 3.958480709582630486e-02
2.441514000000000000e+06 -1.880747673722587832e-01
2.441545000000000000e+06 -3.540322141807694667e-01
2.441576000000000000e+06 -4.199896609892800892e-01
2.441606000000000000e+06 -5.093513631169396261e-01
2.441637000000000000e+06 -5.029683843935354171e-01
2.441667000000000000e+06 -4.604151929041737090e-01
2.441698000000000000e+06 -4.540322141807694445e-01
2.441729000000000000e+06 -3.731811503509822048e-01
2.441757000000000000e+06 -6.467051205310986317e-02
2.441788000000000000e+06 9.490395603199651420e-02
2.441818000000000000e+06 2.204358709256135640e-01
2.441849000000000000e+06 2.566060836915710075e-01
2.441879000000000000e+06 2.821379985851880101e-01
2.441910000000000000e+06 2.736273602873156574e-01
2.441941000000000000e+06 2.608614028405071839e-01
2.441971000000000000e+06 2.140528922022092995e-01
2.442002000000000000e+06 2.183082113511454758e-01
2.442032000000000000e+06 1.885209773085922691e-01
2.442063000000000000e+06 2.140528922022092995e-01
2.442094000000000000e+06 1.842656581596560927e-01
2.442122000000000000e+06 2.268188496490178008e-01
2.442153000000000000e+06 2.523507645426348311e-01
2.442183000000000000e+06 1.544784241171029138e-01
2.442214000000000000e+06 -2.968384393535397538e-03
2.442244000000000000e+06 -1.114790226914077337e-01
2.442275000000000000e+06 -2.093513631169396372e-01
2.442306000000000000e+06 -2.391385971594928439e-01
2.442336000000000000e+06 -2.689258312020459951e-01
2.442367000000000000e+06 -2.689258312020459951e-01
2.442397000000000000e+06 -2.838194482233226679e-01
2.442428000000000000e+06 -2.880747673722588442e-01
2.442459000000000000e+06 -2.689258312020459951e-01
2.442487000000000000e+06 -2.923300865211949651e-01
2.442518000000000000e+06 -2.902024269467268769e-01
2.442548000000000000e+06 -3.923300865211949984e-01
2.442579000000000000e+06 -1.008407248190673067e-01
2.442609000000000000e+06 4.171246667029438610e-02
2.442640000000000000e+06 1.821379985851880323e-01
2.442671000000000000e+06 2.268188496490178008e-01
2.442701000000000000e+06 2.204358709256135640e-01
2.442732000000000000e+06 2.395848070958263298e-01
2.442762000000000000e+06 2.310741687979539771e-01
2.442793000000000000e+06 2.076699134788050349e-01
2.442824000000000000e+06 2.204358709256135640e-01
2.442853000000000000e+06 2.183082113511454758e-01
2.442884000000000000e+06 2.502231049681667430e-01
2.442914000000000000e+06 2.608614028405071839e-01
2.442945000000000000e+06 2.183082113511454758e-01
2.442975000000000000e+06 2.374571475213582417e-01
2.443006000000000000e+06 2.204358709256135640e-01
2.443037000000000000e+06 1.800103390107199441e-01
2.443067000000000000e+06 1.353294879468901202e-01
2.443098000000000000e+06 1.055422539043369412e-01
2.443128000000000000e+06 3.532948794689013544e-02
2.443159000000000000e+06 -4.339391630842901609e-02
2.443190000000000000e+06 -7.743646949991837836e-02
2.443218000000000000e+06 -9.871306524459923237e-02
2.443249000000000000e+06 -1.519045546063013397e-01
2.443279000000000000e+06 -3.114790226914077587e-01
2.443310000000000000e+06 -4.519045546063013563e-01
2.443340000000000000e+06 -4.391385971594928828e-01
2.443371000000000000e+06 -4.710534907765141499e-01
2.443402000000000000e+06 -4.923300865211949762e-01
2.443432000000000000e+06 -5.221173205637481551e-01
2.443463000000000000e+06 -3.731811503509822048e-01
2.443493000000000000e+06 -4.552157588289709733e-02
2.443524000000000000e+06 7.788267943625183654e-02
2.443555000000000000e+06 1.651167219894433269e-01
2.443583000000000000e+06 1.757550198617837678e-01
2.443614000000000000e+06 1.778826794362518560e-01
2.443644000000000000e+06 2.289465092234858890e-01
2.443675000000000000e+06 2.097975730532731231e-01
2.443705000000000000e+06 2.204358709256135640e-01
2.443736000000000000e+06 2.183082113511454758e-01
2.443767000000000000e+06 1.885209773085922691e-01
2.443797000000000000e+06 2.310741687979539771e-01
2.443828000000000000e+06 2.502231049681667430e-01
2.443858000000000000e+06 2.906486368830603073e-01
2.443889000000000000e+06 2.438401262447624784e-01
2.443920000000000000e+06 2.353294879468901535e-01
2.443948000000000000e+06 2.076699134788050349e-01
2.443979000000000000e+06 2.097975730532731231e-01
2.444009000000000000e+06 1.714997007128475914e-01
2.444040000000000000e+06 -4.126625673396092792e-02
2.444070000000000000e+06 -2.540322141807694334e-01
2.444101000000000000e+06 -3.774364694999183811e-01
2.444132000000000000e+06 -4.136066822658758246e-01
2.444162000000000000e+06 -4.029683843935354393e-01
2.444193000000000000e+06 -4.667981716275779736e-01
2.444223000000000000e+06 -5.178620014148119788e-01
2.444254000000000000e+06 -4.965854056701311525e-01
2.444285000000000000e+06 -4.667981716275779736e-01
2.444314000000000000e+06 -4.072237035424715601e-01
2.444345000000000000e+06 -4.412662567339609709e-01
2.444375000000000000e+06 -2.242449801382162267e-01
2.444406000000000000e+06 1.821379985851880323e-01
2.444436000000000000e+06 2.310741687979539771e-01
2.444467000000000000e+06 2.459677858192305666e-01
2.444498000000000000e+06 2.183082113511454758e-01
2.444528000000000000e+06 2.417124666702943903e-01
2.444559000000000000e+06 2.502231049681667430e-01
2.444589000000000000e+06 2.736273602873156574e-01
2.444620000000000000e+06 2.332018283724220653e-01
2.444651000000000000e+06 2.097975730532731231e-01
2.444679000000000000e+06 2.140528922022092995e-01
2.444710000000000000e+06 2.629890624149752720e-01
2.444740000000000000e+06 2.821379985851880101e-01
2.444771000000000000e+06 2.183082113511454758e-01
2.444801000000000000e+06 1.927762964575284454e-01
2.444832000000000000e+06 1.459677858192305611e-01
2.444863000000000000e+06 1.097975730532731176e-01
2.444893000000000000e+06 1.353294879468901202e-01
2.444924000000000000e+06 -2.637263971268433496e-02
2.444954000000000000e+06 -1.199896609892800864e-01
2.444985000000000000e+06 -8.807476737225880536e-02
2.445016000000000000e+06 -1.050960439680034830e-01
2.445044000000000000e+06 -1.710534907765141055e-01
2.445075000000000000e+06 -3.093513631169396705e-01
2.445105000000000000e+06 -4.114790226914077365e-01
2.445136000000000000e+06 -4.391385971594928828e-01
2.445166000000000000e+06 -5.136066822658758024e-01
2.445197000000000000e+06 -4.497768950318332681e-01
2.445228000000000000e+06 -2.923300865211949651e-01
2.445258000000000000e+06 1.286934755400772528e-03
2.445289000000000000e+06 1.566060836915710019e-01
2.445319000000000000e+06 2.757550198617837456e-01
2.445350000000000000e+06 2.778826794362518338e-01
2.445381000000000000e+06 2.863933177341241865e-01
2.445409000000000000e+06 3.119252326277411891e-01
2.445440000000000000e+06 2.885209773085922191e-01
2.445470000000000000e+06 2.608614028405071839e-01
2.445501000000000000e+06 2.480954453936986548e-01
2.445531000000000000e+06 2.544784241171029193e-01
2.445562000000000000e+06 2.289465092234858890e-01
2.445593000000000000e+06 2.140528922022092995e-01
2.445623000000000000e+06 2.140528922022092995e-01
2.445654000000000000e+06 1.332018283724220598e-01
2.445684000000000000e+06 1.076699134788050294e-01
2.445715000000000000e+06 5.873374326603907070e-02
2.445746000000000000e+06 9.915927518093269055e-02
2.445775000000000000e+06 1.332018283724220598e-01
2.445806000000000000e+06 9.490395603199651420e-02
2.445836000000000000e+06 -1.625428524786417528e-01
2.445867000000000000e+06 -4.114790226914077365e-01
2.445897000000000000e+06 -5.093513631169396261e-01
2.445928000000000000e+06 -5.519045546063012786e-01
2.445959000000000000e+06 -5.604151929041736313e-01
2.445989000000000000e+06 -5.178620014148119788e-01
2.446020000000000000e+06 -5.412662567339608932e-01
2.446050000000000000e+06 -5.114790226914077698e-01
2.446081000000000000e+06 -4.476492354573651800e-01
2.446112000000000000e+06 -3.050960439680034941e-01
2.446140000000000000e+06 -1.147902269140773854e-02
2.446171000000000000e+06 1.459677858192305611e-01
2.446201000000000000e+06 2.310741687979539771e-01
2.446232000000000000e+06 1.672443815639114151e-01
2.446262000000000000e+06 1.970316156064646218e-01
2.446293000000000000e+06 1.821379985851880323e-01
2.446324000000000000e+06 2.395848070958263298e-01
2.446354000000000000e+06 2.395848070958263298e-01
2.446385000000000000e+06 2.374571475213582417e-01
2.446415000000000000e+06 2.161805517766773876e-01
2.446446000000000000e+06 2.417124666702943903e-01
2.446477000000000000e+06 2.608614028405071839e-01
2.446505000000000000e+06 2.502231049681667430e-01
2.446536000000000000e+06 2.736273602873156574e-01
2.446566000000000000e+06 2.672443815639114484e-01
2.446597000000000000e+06 1.970316156064646218e-01
2.446627000000000000e+06 1.927762964575284454e-01
2.446658000000000000e+06 1.885209773085922691e-01
2.446689000000000000e+06 1.842656581596560927e-01
2.446719000000000000e+06 1.906486368830603573e-01
2.446750000000000000e+06 1.459677858192305611e-01
2.446780000000000000e+06 9.915927518093269055e-02
2.446811000000000000e+06 8.001033901071992471e-02
2.446842000000000000e+06 6.511672198944332135e-02
2.446870000000000000e+06 3.745714752135821668e-02
2.446901000000000000e+06 -1.604151929041736924e-01
2.446931000000000000e+06 -4.114790226914077365e-01
2.446962000000000000e+06 -4.944577460956630643e-01
2.446992000000000000e+06 -5.710534907765141277e-01
2.447023000000000000e+06 -4.795641290743865026e-01
2.447054000000000000e+06 -1.348832780105566620e-01
2.447084000000000000e+06 1.417124666702944125e-01
2.447115000000000000e+06 1.736273602873156796e-01
2.447145000000000000e+06 1.374571475213582361e-01
2.447176000000000000e+06 1.906486368830603573e-01
2.447207000000000000e+06 1.608614028405071783e-01
2.447236000000000000e+06 1.544784241171029138e-01
2.447267000000000000e+06 1.417124666702944125e-01
2.447297000000000000e+06 1.927762964575284454e-01
2.447328000000000000e+06 2.055422539043369468e-01
2.447358000000000000e+06 2.204358709256135640e-01
2.447389000000000000e+06 2.161805517766773876e-01
2.447420000000000000e+06 2.183082113511454758e-01
2.447450000000000000e+06 2.097975730532731231e-01
2.447481000000000000e+06 2.225635305000816244e-01
2.447511000000000000e+06 2.523507645426348311e-01
2.447542000000000000e+06 2.459677858192305666e-01
2.447573000000000000e+06 2.140528922022092995e-01
2.447601000000000000e+06 2.459677858192305666e-01
2.447632000000000000e+06 2.097975730532731231e-01
2.447662000000000000e+06 1.927762964575284454e-01
2.447693000000000000e+06 -9.351363116939653830e-03
2.447723000000000000e+06 -7.956412907438646653e-02
2.447754000000000000e+06 -1.263726397126843370e-01
2.447785000000000000e+06 -2.561598737552375216e-01
2.447815000000000000e+06 -3.263726397126843759e-01
2.447846000000000000e+06 -3.561598737552375549e-01
2.447876000000000000e+06 -3.944577460956630865e-01
2.447907000000000000e+06 -4.582875333297056208e-01
2.447938000000000000e+06 -4.497768950318332681e-01
2.447966000000000000e+06 -4.731811503509822381e-01
2.447997000000000000e+06 -3.050960439680034941e-01
2.448027000000000000e+06 4.384012624476247427e-02
2.448058000000000000e+06 2.480954453936986548e-01
2.448088000000000000e+06 1.800103390107199441e-01
2.448119000000000000e+06 1.629890624149752665e-01
2.448150000000000000e+06 1.991592751809327100e-01
2.448180000000000000e+06 1.459677858192305611e-01
2.448211000000000000e+06 2.183082113511454758e-01
2.448241000000000000e+06 1.651167219894433269e-01
2.448272000000000000e+06 1.246911900745497070e-01
2.448303000000000000e+06 2.225635305000816244e-01
2.448331000000000000e+06 1.034145943298688530e-01
2.448362000000000000e+06 1.459677858192305611e-01
2.448392000000000000e+06 1.885209773085922691e-01
2.448423000000000000e+06 7.149970071284758588e-02
2.448453000000000000e+06 -4.764923545736518551e-02
2.448484000000000000e+06 -6.679817162757795135e-02
2.448515000000000000e+06 -3.701093758502475850e-02
2.448545000000000000e+06 -1.998966098928008084e-02
2.448576000000000000e+06 -2.850029928715241967e-02
2.448606000000000000e+06 -4.552157588289709733e-02
2.448637000000000000e+06 -4.764923545736518551e-02
2.448668000000000000e+06 -2.424498013821625025e-02
2.448697000000000000e+06 -2.211732056374816555e-02
2.448728000000000000e+06 -1.050960439680034830e-01
2.448758000000000000e+06 -3.412662567339609376e-01
2.448789000000000000e+06 -4.582875333297056208e-01
2.448819000000000000e+06 -5.199896609892801225e-01
2.448850000000000000e+06 -5.540322141807694223e-01
2.448881000000000000e+06 -5.412662567339608932e-01
2.448911000000000000e+06 -5.114790226914077698e-01
2.448942000000000000e+06 -1.944577460956630477e-01
2.448972000000000000e+06 9.064863688306035172e-02
2.449003000000000000e+06 1.544784241171029138e-01
2.449034000000000000e+06 1.800103390107199441e-01
2.449062000000000000e+06 1.629890624149752665e-01
2.449093000000000000e+06 1.906486368830603573e-01
2.449123000000000000e+06 2.480954453936986548e-01
2.449154000000000000e+06 2.097975730532731231e-01
2.449184000000000000e+06 1.800103390107199441e-01
2.449215000000000000e+06 1.736273602873156796e-01
2.449246000000000000e+06 2.161805517766773876e-01
2.449276000000000000e+06 1.863933177341241809e-01
2.449307000000000000e+06 2.161805517766773876e-01
2.449337000000000000e+06 1.736273602873156796e-01
2.449368000000000000e+06 1.757550198617837678e-01
2.449399000000000000e+06 1.374571475213582361e-01
2.449427000000000000e+06 1.544784241171029138e-01
2.449458000000000000e+06 6.937204113837949770e-02
2.449488000000000000e+06 -2.093513631169396372e-01
2.449519000000000000e+06 -4.519045546063013563e-01
2.449549000000000000e+06 -5.306279588616205078e-01
2.449580000000000000e+06 -5.753088099254501930e-01
2.449611000000000000e+06 -5.944577460956630421e-01
2.449641000000000000e+06 -5.987130652445992185e-01
2.449672000000000000e+06 -5.199896609892801225e-01
2.449702000000000000e+06 -1.391385971594928384e-01
2.449733000000000000e+06 5.235076454263481310e-02
2.449764000000000000e+06 5.022310496816673187e-02
2.449792000000000000e+06 9.915927518093269055e-02
2.449823000000000000e+06 1.204358709256135307e-01
2.449853000000000000e+06 2.353294879468901535e-01
2.449884000000000000e+06 2.523507645426348311e-01
2.449914000000000000e+06 2.225635305000816244e-01
2.449945000000000000e+06 2.076699134788050349e-01
2.449976000000000000e+06 2.140528922022092995e-01
2.450006000000000000e+06 2.140528922022092995e-01
2.450037000000000000e+06 2.034145943298688586e-01
2.450067000000000000e+06 2.055422539043369468e-01
2.450098000000000000e+06 1.800103390107199441e-01
2.450129000000000000e+06 1.821379985851880323e-01
2.450158000000000000e+06 1.736273602873156796e-01
2.450189000000000000e+06 1.863933177341241809e-01
2.450219000000000000e+06 -2.424498013821625025e-02
2.450250000000000000e+06 -3.008407248190673178e-01
2.450280000000000000e+06 -4.072237035424715601e-01
2.450311000000000000e+06 -4.263726397126843537e-01
2.450342000000000000e+06 -4.433939163084290036e-01
2.450372000000000000e+06 -4.774364694999184144e-01
2.450403000000000000e+06 -4.348832780105567064e-01
2.450433000000000000e+06 -4.263726397126843537e-01
2.450464000000000000e+06 -3.965854056701311747e-01
2.450495000000000000e+06 -3.923300865211949984e-01
2.450523000000000000e+06 -4.114790226914077365e-01
2.450554000000000000e+06 -7.956412907438646653e-02
2.450584000000000000e+06 7.149970071284758588e-02
2.450615000000000000e+06 2.480954453936986548e-01
2.450645000000000000e+06 2.885209773085922191e-01
2.450676000000000000e+06 2.885209773085922191e-01
2.450707000000000000e+06 2.566060836915710075e-01
2.450737000000000000e+06 2.076699134788050349e-01
2.450768000000000000e+06 2.566060836915710075e-01
2.450798000000000000e+06 1.417124666702944125e-01
2.450829000000000000e+06 1.672443815639114151e-01
2.450860000000000000e+06 2.161805517766773876e-01
2.450888000000000000e+06 1.714997007128475914e-01
2.450919000000000000e+06 2.161805517766773876e-01
2.450949000000000000e+06 -1.306279588616205134e-01
2.450980000000000000e+06 -3.689258312020460284e-01
2.451010000000000000e+06 -4.582875333297056208e-01
2.451041000000000000e+06 -4.923300865211949762e-01
2.451072000000000000e+06 -5.072237035424715934e-01
2.451102000000000000e+06 -4.944577460956630643e-01
2.451133000000000000e+06 -5.093513631169396261e-01
2.451163000000000000e+06 -5.114790226914077698e-01
2.451194000000000000e+06 -5.072237035424715934e-01
2.451225000000000000e+06 -3.582875333297056430e-01
2.451253000000000000e+06 3.414594329868857452e-03
2.451284000000000000e+06 1.034145943298688530e-01
2.451314000000000000e+06 1.076699134788050294e-01
2.451345000000000000e+06 2.119252326277412113e-01
2.451375000000000000e+06 1.778826794362518560e-01
2.451406000000000000e+06 2.097975730532731231e-01
2.451437000000000000e+06 2.097975730532731231e-01
2.451467000000000000e+06 2.629890624149752720e-01
2.451498000000000000e+06 2.310741687979539771e-01
2.451528000000000000e+06 2.566060836915710075e-01
2.451559000000000000e+06 2.587337432660390957e-01
2.451590000000000000e+06 2.608614028405071839e-01
2.451619000000000000e+06 2.821379985851880101e-01
2.451650000000000000e+06 2.672443815639114484e-01
2.451680000000000000e+06 2.949039560319964837e-01
2.451711000000000000e+06 3.012869347554007482e-01
2.451741000000000000e+06 2.672443815639114484e-01
2.451772000000000000e+06 2.608614028405071839e-01
2.451803000000000000e+06 2.353294879468901535e-01
2.451833000000000000e+06 1.459677858192305611e-01
2.451864000000000000e+06 1.076699134788050294e-01
2.451894000000000000e+06 8.213799858518799901e-02
2.451925000000000000e+06 1.225635305000816189e-01
2.451956000000000000e+06 1.055422539043369412e-01
2.451984000000000000e+06 1.161805517766773682e-01
2.452015000000000000e+06 1.076699134788050294e-01
2.452045000000000000e+06 -1.360668226587582498e-02
2.452076000000000000e+06 -1.731811503509821937e-01
2.452106000000000000e+06 -3.391385971594928495e-01
2.452137000000000000e+06 -3.944577460956630865e-01
2.452168000000000000e+06 -4.327556184360886182e-01
2.452198000000000000e+06 -4.263726397126843537e-01
2.452229000000000000e+06 -4.391385971594928828e-01
2.452259000000000000e+06 -4.391385971594928828e-01
2.452290000000000000e+06 -3.965854056701311747e-01
2.452321000000000000e+06 -2.157343418403439017e-01
2.452349000000000000e+06 8.852097730859226354e-02
2.452380000000000000e+06 2.076699134788050349e-01
2.452410000000000000e+06 2.417124666702943903e-01
2.452441000000000000e+06 1.927762964575284454e-01
2.452471000000000000e+06 1.778826794362518560e-01
2.452502000000000000e+06 1.821379985851880323e-01
2.452533000000000000e+06 1.672443815639114151e-01
2.452563000000000000e+06 1.927762964575284454e-01
2.452594000000000000e+06 1.417124666702944125e-01
2.452624000000000000e+06 1.395848070958263243e-01
2.452655000000000000e+06 1.204358709256135307e-01
2.452686000000000000e+06 1.310741687979539716e-01
2.452714000000000000e+06 9.703161560646460237e-02
2.452745000000000000e+06 1.225635305000816189e-01
2.452775000000000000e+06 9.703161560646460237e-02
2.452806000000000000e+06 2.681884964901779314e-02
2.452836000000000000e+06 -6.467051205310986317e-02
2.452867000000000000e+06 -1.838194482233226068e-01
2.452898000000000000e+06 -2.199896609892800781e-01
2.452928000000000000e+06 -2.859471077977907560e-01
2.452959000000000000e+06 -3.519045546063013785e-01
2.452989000000000000e+06 -3.859471077977907338e-01
2.453020000000000000e+06 -4.370109375850247946e-01
2.453051000000000000e+06 -4.114790226914077365e-01
2.453080000000000000e+06 -3.795641290743864693e-01
2.453111000000000000e+06 2.043587092561353902e-02
2.453141000000000000e+06 1.863933177341241809e-01
2.453172000000000000e+06 2.353294879468901535e-01
2.453202000000000000e+06 2.268188496490178008e-01
2.453233000000000000e+06 1.544784241171029138e-01
2.453264000000000000e+06 1.459677858192305611e-01
2.453294000000000000e+06 1.927762964575284454e-01
2.453325000000000000e+06 1.161805517766773682e-01
2.453355000000000000e+06 1.395848070958263243e-01
2.453386000000000000e+06 1.140528922022092800e-01
2.453417000000000000e+06 2.055422539043369468e-01
2.453445000000000000e+06 3.076699134788050127e-01
2.453476000000000000e+06 1.778826794362518560e-01
2.453506000000000000e+06 1.714997007128475914e-01
2.453537000000000000e+06 -2.850029928715241967e-02
2.453567000000000000e+06 -1.540322141807694278e-01
2.453598000000000000e+06 -2.582875333297056097e-01
2.453629000000000000e+06 -3.093513631169396705e-01
2.453659000000000000e+06 -3.710534907765141166e-01
2.453690000000000000e+06 -3.710534907765141166e-01
2.453720000000000000e+06 -4.242449801382162655e-01
2.453751000000000000e+06 -3.263726397126843759e-01
2.453782000000000000e+06 -2.965854056701311414e-01
2.453810000000000000e+06 -3.306279588616204967e-01
2.453841000000000000e+06 -4.306279588616205301e-01
2.453871000000000000e+06 -1.540322141807694278e-01
2.453902000000000000e+06 1.651167219894433269e-01
2.453932000000000000e+06 2.246911900745497126e-01
2.453963000000000000e+06 1.800103390107199441e-01
2.453994000000000000e+06 2.289465092234858890e-01
2.454024000000000000e+06 1.927762964575284454e-01
2.454055000000000000e+06 2.183082113511454758e-01
2.454085000000000000e+06 2.608614028405071839e-01
2.454116000000000000e+06 2.012869347554007982e-01
2.454147000000000000e+06 2.332018283724220653e-01
2.454175000000000000e+06 2.161805517766773876e-01
2.454206000000000000e+06 2.693720411383795366e-01
2.454236000000000000e+06 1.927762964575284454e-01
2.454267000000000000e+06 -8.594710779779071719e-02
2.454297000000000000e+06 -2.157343418403439017e-01
2.454328000000000000e+06 -3.242449801382162877e-01
2.454359000000000000e+06 -3.476492354573652022e-01
2.454389000000000000e+06 -3.753088099254502930e-01
2.454420000000000000e+06 -4.370109375850247946e-01
2.454450000000000000e+06 -4.285002992871524419e-01
2.454481000000000000e+06 -4.072237035424715601e-01
2.454512000000000000e+06 -4.008407248190673511e-01
2.454541000000000000e+06 -4.455215758828970918e-01
2.454572000000000000e+06 -4.263726397126843537e-01
2.454602000000000000e+06 -2.424498013821625025e-02
2.454633000000000000e+06 1.097975730532731176e-01
2.454663000000000000e+06 2.438401262447624784e-01
2.454694000000000000e+06 1.651167219894433269e-01
2.454725000000000000e+06 1.353294879468901202e-01
2.454755000000000000e+06 1.736273602873156796e-01
2.454786000000000000e+06 1.502231049681667374e-01
2.454816000000000000e+06 1.885209773085922691e-01
2.454847000000000000e+06 2.480954453936986548e-01
2.454878000000000000e+06 3.140528922022092773e-01
2.454906000000000000e+06 2.055422539043369468e-01
2.454937000000000000e+06 2.821379985851880101e-01
2.454967000000000000e+06 3.055422539043369246e-01
2.454998000000000000e+06 2.097975730532731231e-01
2.455028000000000000e+06 2.055422539043369468e-01
2.455059000000000000e+06 1.714997007128475914e-01
2.455090000000000000e+06 2.353294879468901535e-01
2.455120000000000000e+06 2.204358709256135640e-01
2.455151000000000000e+06 1.736273602873156796e-01
2.455181000000000000e+06 2.183082113511454758e-01
2.455212000000000000e+06 1.204358709256135307e-01
2.455243000000000000e+06 1.055422539043369412e-01
2.455271000000000000e+06 -1.998966098928008084e-02
2.455302000000000000e+06 -3.412662567339609376e-01
2.455332000000000000e+06 -5.008407248190672734e-01
2.455363000000000000e+06 -5.029683843935354171e-01
2.455393000000000000e+06 -5.944577460956630421e-01
2.455424000000000000e+06 -3.816917886488545575e-01
2.455455000000000000e+06 7.788267943625183654e-02
2.455485000000000000e+06 1.608614028405071783e-01
2.455516000000000000e+06 1.502231049681667374e-01
2.455546000000000000e+06 1.587337432660390901e-01
2.455577000000000000e+06 9.277629645752842602e-02
2.455608000000000000e+06 1.076699134788050294e-01
2.455636000000000000e+06 1.204358709256135307e-01
2.455667000000000000e+06 1.097975730532731176e-01
2.455697000000000000e+06 2.034145943298688586e-01
2.455728000000000000e+06 2.672443815639114484e-01
2.455758000000000000e+06 2.076699134788050349e-01
2.455789000000000000e+06 2.651167219894433602e-01
2.455820000000000000e+06 2.480954453936986548e-01
2.455850000000000000e+06 2.246911900745497126e-01
2.455881000000000000e+06 2.119252326277412113e-01
2.455911000000000000e+06 1.225635305000816189e-01
2.455942000000000000e+06 9.064863688306035172e-02
2.455973000000000000e+06 1.332018283724220598e-01
2.456002000000000000e+06 1.353294879468901202e-01
2.456033000000000000e+06 1.438401262447625006e-01
2.456063000000000000e+06 9.915927518093269055e-02
2.456094000000000000e+06 -2.637263971268433496e-02
2.456124000000000000e+06 -1.774364694999183700e-01
2.456155000000000000e+06 -2.008407248190673122e-01
2.456186000000000000e+06 -2.306279588616204912e-01
2.456216000000000000e+06 -2.604151929041736979e-01
2.456247000000000000e+06 -2.753088099254503152e-01
2.456277000000000000e+06 -3.689258312020460284e-01
2.456308000000000000e+06 -2.902024269467268769e-01
2.456339000000000000e+06 -3.072237035424715823e-01
2.456367000000000000e+06 -3.923300865211949984e-01
2.456398000000000000e+06 -4.455215758828970918e-01
2.456428000000000000e+06 -2.433939163084289925e-01
2.456459000000000000e+06 9.703161560646460237e-02
2.456489000000000000e+06 1.842656581596560927e-01
2.456520000000000000e+06 1.949039560319965336e-01
2.456551000000000000e+06 1.821379985851880323e-01
2.456581000000000000e+06 2.310741687979539771e-01
2.456612000000000000e+06 1.885209773085922691e-01
2.456642000000000000e+06 1.970316156064646218e-01
2.456673000000000000e+06 2.353294879468901535e-01
2.456704000000000000e+06 2.395848070958263298e-01
2.456732000000000000e+06 1.927762964575284454e-01
2.456763000000000000e+06 3.097975730532731009e-01
2.456793000000000000e+06 2.970316156064645718e-01
2.456824000000000000e+06 2.119252326277412113e-01
2.456854000000000000e+06 1.055422539043369412e-01
2.456885000000000000e+06 1.502231049681667374e-01
2.456916000000000000e+06 1.097975730532731176e-01
2.456946000000000000e+06 6.298906241497523317e-02
2.456977000000000000e+06 -4.552157588289709733e-02
2.457007000000000000e+06 -2.285002992871524030e-01
2.457038000000000000e+06 -2.370109375850247557e-01
2.457069000000000000e+06 -2.327556184360885794e-01
2.457097000000000000e+06 -3.029683843935354060e-01
2.457128000000000000e+06 -3.902024269467269102e-01
2.457158000000000000e+06 -4.646705120531098854e-01
2.457189000000000000e+06 -4.923300865211949762e-01
2.457219000000000000e+06 -2.497768950318332570e-01
2.457250000000000000e+06 9.490395603199651420e-02
2.457281000000000000e+06 2.268188496490178008e-01
2.457311000000000000e+06 2.140528922022092995e-01
2.457342000000000000e+06 2.076699134788050349e-01
2.457372000000000000e+06 1.140528922022092800e-01
2.457403000000000000e+06 1.055422539043369412e-01
2.457434000000000000e+06 9.915927518093269055e-02
2.457463000000000000e+06 1.183082113511454564e-01
2.457494000000000000e+06 -1.178620014148119982e-01
2.457524000000000000e+06 -3.923300865211949984e-01
2.457555000000000000e+06 -5.008407248190672734e-01
2.457585000000000000e+06 -3.476492354573652022e-01
2.457616000000000000e+06 -7.530880992545029018e-02
2.457647000000000000e+06 6.298906241497523317e-02
2.457677000000000000e+06 1.608614028405071783e-01
2.457708000000000000e+06 1.863933177341241809e-01
2.457738000000000000e+06 2.374571475213582417e-01
2.457769000000000000e+06 2.778826794362518338e-01
2.457800000000000000e+06 3.055422539043369246e-01
2.457828000000000000e+06 2.246911900745497126e-01
2.457859000000000000e+06 2.480954453936986548e-01
2.457889000000000000e+06 3.119252326277411891e-01
2.457920000000000000e+06 2.821379985851880101e-01
2.457950000000000000e+06 2.332018283724220653e-01
2.457981000000000000e+06 2.268188496490178008e-01
2.458012000000000000e+06 2.097975730532731231e-01
2.458042000000000000e+06 1.927762964575284454e-01
2.458073000000000000e+06 1.672443815639114151e-01
2.458103000000000000e+06 1.289465092234858834e-01
2.458134000000000000e+06 1.332018283724220598e-01
2.458165000000000000e+06 1.800103390107199441e-01
