   -0.0603100
     0.626810
  -0.00812750
     0.555100
    0.0715770
     0.538570
    -0.802480
    -0.851010
     0.357970
    -0.378900
    -0.515110
     -1.92810
   -0.0849690
    -0.399930
     -1.93410
    -0.776480
    -0.862780
    -0.917860
    0.0900230
    -0.377410
    -0.817780
    -0.212910
   -0.0685190
      1.98720
     0.368250
     -1.74720
     -1.85950
     0.538520
    -0.773510
    -0.440930
     0.383080
   -0.0303670
    -0.383450
    -0.437170
     -1.89090
     -1.82670
     -1.03620
    -0.249300
      1.06830
     -1.25580
    -0.562070
    0.0225350
     0.333170
    0.0849600
     0.661610
    -0.194460
     0.353600
     0.575470
    -0.148290
    -0.180940
     0.475720
     0.511690
     -1.65610
    -0.268110
     0.340890
    -0.122410
     0.301500
     0.512570
    -0.328350
     0.552590
     -1.16310
     -1.54230
     -1.56810
     0.194230
     0.241610
    -0.265780
     0.331940
     0.760120
     0.356760
    0.0990530
     -1.34220
    -0.444030
     -1.20440
     -2.02860
     0.470360
    -0.867530
      1.39110
     0.280140
    -0.214600
    -0.652210
    -0.201950
      1.13920
   -0.0662800
  0.000891390
      2.06210
     -1.51320
     -2.01260
     0.237660
    -0.966100
    -0.759990
    -0.646200
    0.0968980
    -0.955880
     0.903140
     -1.38000
     0.828010
     -1.43820
     -2.22820
     -2.52180
    -0.360020
    -0.336350
     -1.14930
    -0.683740
    -0.754790
   -0.0120580
     0.770090
   -0.0106750
     -1.68650
     -2.01280
      2.54450
      1.43180
     0.119240
    -0.340760
   -0.0334340
     0.104720
    -0.745210
    -0.280760
    -0.249050
     -1.41060
   -0.0419500
     -2.48420
     -2.21240
     -1.62460
    -0.297310
    -0.857430
    0.0549780
    -0.619060
     -1.00790
    -0.381640
     -1.18700
    -0.553230
    -0.342950
     -1.50600
     0.621150
     0.341440
    -0.237490
     0.157480
     0.836960
    -0.107970
    0.0126930
     0.814850
     0.203080
   -0.0104380
     -1.66820
      1.64450
    -0.358150
     -2.84800
      1.16920
    0.0679970
     0.287070
    -0.926510
     0.152070
   -0.0559860
   -0.0158270
     -1.11230
    -0.711430
     -3.31120
     -1.72080
     0.724220
    -0.347690
     0.770980
    -0.585000
    -0.303470
    -0.624740
    0.0831100
      1.06920
    -0.419440
     -1.17810
     0.384630
    -0.574910
    -0.558170
     0.663390
      1.17400
     0.141590
     0.734180
     -1.20660
    -0.227180
     0.341710
    -0.344400
    -0.246090
     -1.04580
     -2.08410
    -0.904960
     0.568120
    -0.152530
    0.0378000
    -0.509870
    -0.254870
    -0.697810
     0.393670
     -1.34120
     0.162970
     -3.23200
     -1.43810
    -0.910660
     -1.83730
      1.12430
     0.407970
    0.0109440
    -0.945270
    0.0110630
     -1.07660
     0.110560
     -1.40150
    -0.575920
      1.18010
      1.96680
      1.69960
     0.126510
     0.646590
     0.259260
    -0.293020
     0.132930
      1.29860
     0.333560
    -0.346930
    -0.408790
     -2.15370
      1.74080
     0.327680
    -0.240620
     0.419660
    -0.836110
    -0.670630
     -1.00890
     -1.01320
     -2.18260
    -0.783170
     -2.96750
     -3.11350
     -1.58220
     0.438460
    -0.720320
    -0.347800
     0.409510
    -0.781760
   -0.0834200
    0.0975810
     0.325770
     -1.85560
     -2.41240
     -1.32530
     -2.08410
     0.302050
     0.530570
     0.875390
     0.138650
    -0.262550
    0.0296610
    0.0981800
     0.378380
    -0.399150
    -0.162730
    -0.921900
     -1.09070
    -0.583430
     0.679260
    -0.668270
    -0.578470
     0.817530
     0.153410
      1.18470
     0.418830
     0.823870
     0.166500
    -0.195420
    -0.140680
      1.00740
     0.140230
   -0.0490710
    -0.552910
   -0.0820420
    -0.919560
     0.391770
    -0.380320
      1.23750
      1.23180
     0.786210
     0.537170
     -1.12570
    0.0734560
     0.531160
     0.270470
     0.312510
     0.114160
     0.337100
   0.00224470
    -0.181480
     0.232160
    -0.489270
    -0.746280
     0.308820
    -0.507040
   -0.0475100
     0.389960
    -0.533370
    -0.135790
     -1.02390
    -0.434750
     0.556450
      1.59450
     0.194460
     0.151200
     0.408780
    -0.614330
    -0.323230
     0.345290
     0.130040
      1.27830
     0.137710
     0.618700
      1.28980
    0.0343330
      1.65630
     0.587090
     0.439680
    0.0596260
     0.328000
    -0.325290
     0.558590
    -0.742520
    -0.804120
   -0.0873490
     -2.07430
     -3.76710
     -2.01050
     0.344460
      1.32850
     0.104320
    -0.226160
    -0.491730
     -1.41220
     0.586480
  -0.00917800
     0.605280
    -0.239650
    -0.346960
     -3.01360
     0.501910
    -0.967080
    0.0590490
     0.634640
    -0.603990
    -0.353660
   -0.0989990
     0.894600
      2.46950
    -0.980140
     -2.23280
    -0.696710
    -0.814140
     -1.15680
    -0.250090
     0.933160
    0.0385110
    -0.684130
   -0.0459490
     -1.24340
     0.475080
      1.29480
     -2.06570
    -0.933720
     -1.43330
    -0.419130
     -1.15480
     0.721490
    -0.622210
    -0.185190
     0.312620
    -0.521210
     -1.36100
   -0.0573000
    -0.116340
    -0.331580
     -1.64470
     0.430410
     0.179560
    -0.437930
     0.560550
    -0.244110
     -1.04010
     -1.16750
    -0.187670
     -1.21570
    -0.883410
     0.973910
      1.07410
      1.45380
    -0.208700
     -1.18010
   0.00477530
     0.362230
     0.557720
    -0.210980
     0.660930
     0.967180
      1.35910
     -1.80590
    -0.567070
    -0.737760
    -0.440930
     0.312530
     0.130550
      1.09780
     0.166890
      1.36890
    -0.687930
     0.186250
     0.905040
    -0.302720
     -2.38600
    -0.283590
     0.479180
   0.00728950
    0.0188710
     0.465690
    -0.412760
    -0.270260
    -0.965870
     0.446000
     -2.80570
     -1.43980
     0.551440
     0.652420
    -0.432210
    -0.346560
    -0.389580
  -0.00142890
     0.114410
      1.03510
     -1.21750
     -1.94760
    -0.567640
     -2.90410
      1.93080
     0.102990
     0.366870
     0.534570
  -0.00825850
    -0.826290
   -0.0233850
      1.42460
     0.925720
    0.0597680
     -1.14760
     -1.47320
     -1.74650
     0.386970
     0.325240
    -0.710270
    -0.466270
    -0.835700
     0.286530
   -0.0800090
    -0.535840
    -0.533910
     0.264660
     -1.06620
    -0.197070
    -0.560710
    -0.846140
    0.0605280
    -0.143370
     0.254570
      1.03930
    0.0323590
   -0.0346550
      1.67880
      3.10600
      3.27930
      1.53030
    -0.250240
     0.888830
     0.344980
     0.865550
     0.550900
     0.703130
     0.990690
    0.0337820
    -0.643650
      1.00070
      3.40160
      2.99000
      1.87880
     0.942820
     0.304300
    -0.295810
    -0.180240
    -0.210400
     0.660340
     0.520640
      1.27670
     0.723230
    -0.875990
    -0.526800
     0.530210
     0.486490
    -0.115360
    -0.187970
     0.796880
    -0.112210
    -0.251950
     0.284650
      1.61320
     0.550030
      1.12170
     0.984230
    -0.520530
      1.34140
    -0.301960
     0.191130
     0.535340
    -0.640300
    -0.365890
     0.716990
      1.62670
      3.49530
     0.184500
     0.764350
    -0.435450
     -1.60750
    -0.519510
    -0.510700
    -0.392990
    -0.360630
    -0.565010
      1.00180
    -0.104120
    -0.287850
    -0.861540
      1.88100
     0.224740
    -0.115450
      1.60630
     0.350740
     0.827530
   -0.0840550
     0.174030
      1.77940
     0.893830
    -0.153770
      1.42890
     0.393230
    -0.963130
    -0.891200
    -0.111820
    -0.217080
     0.543590
    -0.549030
    0.0750410
    -0.723270
     -2.12710
     -1.20040
     0.163210
     -1.48320
     -1.52510
    -0.226420
     0.496730
     0.714570
     0.124710
     -1.14000
     0.182530
     0.136370
     -1.72080
    -0.456770
      1.88870
      1.09080
     0.323630
    -0.961130
    -0.814990
    -0.430610
     0.120620
     0.194510
    -0.699710
    -0.661130
   -0.0711160
     -2.08060
    -0.183180
    -0.254420
   -0.0379120
     0.428640
    -0.710730
    -0.211670
     0.650330
     -1.04990
     0.294330
     -1.44940
      1.35340
     0.110350
     0.482130
     -1.49160
     0.284450
     0.225870
     0.707030
  -0.00204180
    -0.672150
    0.0590780
  -0.00580230
     0.610940
      1.04310
      1.27020
      1.07580
    -0.451360
    -0.278520
     0.969090
     0.586100
    -0.649430
     0.143890
     0.394860
     0.316780
     -1.58150
     -2.35440
    -0.958830
    -0.622410
     -1.68650
     0.905980
     0.451960
   -0.0153380
   -0.0309880
     0.520500
    -0.706600
     0.707470
     0.818650
     -1.32240
      1.38130
      1.30350
     0.902000
     0.748410
     0.401360
     0.572740
     0.327640
    -0.228530
   -0.0427440
     -1.48850
     -1.42510
     -1.59210
    -0.471670
     0.127800
     0.932970
    -0.178110
      1.01670
    -0.102120
    0.0753160
    -0.280370
     0.466580
    -0.669810
     0.642420
     0.265210
     -1.68580
     -1.52850
     0.318060
    -0.409380
   -0.0942520
    -0.235870
    -0.200540
    -0.720190
     0.855010
    -0.515420
     0.678270
      1.23010
     0.356170
     -1.27060
     -1.34790
   -0.0462140
    -0.763360
    -0.383240
   -0.0302470
    0.0261410
     0.802390
    0.0297680
     0.227690
     -2.10390
    -0.170470
    -0.155770
     -1.60380
     0.138330
     0.155810
      1.07080
     0.102700
    -0.265250
     0.606490
     -1.02910
     0.521310
      2.28170
      2.03380
     -1.30690
      1.18210
     0.544270
     0.893670
    -0.554960
    -0.396520
   -0.0337380
     0.178920
     0.383480
    -0.518660
     0.821130
     0.818960
     0.938070
     0.585590
    -0.455010
     -1.20470
   -0.0897800
    -0.479920
   -0.0804820
    -0.326570
      1.67580
    0.0922050
     0.647780
     0.799750
    -0.672300
     0.121340
     0.972530
      1.19370
     -1.35070
     -1.35590
   -0.0536660
     0.874510
     -1.53990
     0.458850
     -3.41280
     -2.58680
     -4.26570
    -0.432080
    -0.274500
    -0.918640
   -0.0130040
     0.435270
    -0.116600
    -0.864640
    -0.466970
    -0.375750
     -2.63100
     -1.68310
      1.57540
      1.42410
      2.27480
   -0.0350930
    -0.857750
    -0.471620
     -1.06260
     0.664740
     0.799750
      1.45920
      2.22080
    -0.219660
   -0.0363350
      1.03710
   -0.0345710
     0.168410
    -0.672410
     0.167790
    0.0139990
     0.772250
     -1.51400
    -0.110570
     -1.74860
    -0.609520
     -1.00740
     -3.18540
     0.322210
     0.494010
     0.548650
   -0.0111120
     0.154250
    -0.460880
     0.262760
      2.02900
      1.47490
    -0.968760
    0.0437750
      1.20580
     0.971970
     0.464210
    -0.507450
    -0.488940
    -0.371540
     0.101910
     -1.13440
    -0.530300
     0.412920
      1.09160
      1.04260
      1.83740
      1.21570
     0.762760
     0.427040
     -1.10790
    -0.689020
    -0.164510
    -0.250060
      1.94500
      1.44410
     -1.44870
   -0.0235210
     0.280240
     -1.05110
   -0.0357390
     0.312880
    0.0847580
     0.472380
     0.780970
     -1.91730
    -0.610910
      1.78640
     0.941970
     0.339860
      1.36540
   -0.0886580
    -0.730140
     0.401660
     0.634230
     0.150040
    -0.492450
     0.690340
   -0.0775730
   -0.0589780
    -0.280840
     0.112730
