     0.208760
     0.356260
     0.899180
     0.677580
     0.723740
      1.70000
      2.41210
     0.545530
     0.629460
     0.159790
    -0.422530
    -0.950720
    -0.447030
    -0.979650
     -1.42440
     -2.06820
    -0.478650
     0.285700
     -1.94390
    -0.996810
     -1.70080
     0.577390
     -2.01290
    -0.356300
     0.230510
    0.0392670
    -0.965530
     -1.46200
    -0.343960
     0.351700
    -0.985860
     -2.11830
     -1.50940
    -0.260340
     0.625570
      1.11640
    -0.554440
     0.277230
      1.60350
      1.53140
     0.117870
     0.920140
    -0.414720
     0.779280
      1.58000
    -0.702300
    -0.849180
     -1.93370
     -1.34040
     -1.08070
     0.166340
     0.149360
    -0.437220
    -0.262830
      1.11410
     0.792030
    -0.695970
      1.19350
     0.727420
     0.475470
     -1.09750
    -0.543700
     0.250860
    -0.204160
     -1.23740
     0.426080
     0.889600
    -0.548380
     0.326980
  -0.00940380
   -0.0241410
     -1.47560
    -0.794800
     0.215470
    -0.133610
    0.0314820
   -0.0660780
    -0.330690
      1.91370
     0.594770
      1.50730
     0.470770
      1.08470
      1.24030
     0.157820
     -1.58800
    -0.769590
   -0.0866970
     -1.84660
    -0.619420
    0.0891610
    -0.157020
     0.848680
     0.305660
    -0.222480
     0.886250
    -0.950360
    -0.707670
    -0.132660
    -0.285620
    0.0386260
    -0.701870
     -1.53130
      1.48520
    -0.798890
     0.455480
      1.06040
     0.272290
    -0.611740
     0.550780
    -0.219040
   -0.0768100
    -0.748600
     -1.05490
     0.575960
    -0.744910
    -0.688530
     -2.31400
     0.401010
      1.07450
     0.618450
     0.848920
     0.632120
    -0.573110
      2.69060
      1.99480
      1.45760
    -0.131880
    -0.121220
     0.135770
     0.571970
    -0.445050
    -0.352090
      1.15070
     0.414180
     -1.87860
     -1.80340
    0.0930530
     -1.21510
     0.465730
      1.48160
     0.138950
    -0.358960
    -0.311650
     0.868880
    -0.851660
     0.522340
    -0.639400
    -0.538560
     -1.15460
     -1.22020
    0.0355090
    -0.513020
    -0.623210
    -0.804170
     -2.06750
    0.0726130
     -1.62680
     -1.01030
    -0.439340
     -2.03200
     -2.19330
    -0.566170
    -0.349530
     0.434960
    -0.319410
     0.121840
     0.243610
     -2.02060
     0.437040
    -0.377600
    0.0872130
      1.25990
      1.21790
      1.95710
      1.08290
      1.06100
     0.748150
     0.323660
      1.02810
     0.722660
      1.15700
     0.693340
   -0.0524550
    -0.152720
     -1.68190
    -0.492230
      1.90990
    -0.947050
    -0.577770
    -0.792570
     0.932740
      1.44850
     0.532900
    -0.154390
     0.648800
      1.39670
    -0.801970
     -3.00970
    -0.696470
      1.17330
   -0.0570300
     0.142880
      1.46970
     0.332070
    -0.524950
     0.543460
     0.115000
     0.983170
    -0.252020
    0.0208940
     -1.50190
     -1.31440
     0.965750
     -1.66690
   -0.0230990
     0.368920
    -0.244240
     0.701050
    -0.457570
      1.02810
    -0.457560
     0.779650
     0.768350
     0.122180
    -0.594730
     -1.90460
    -0.835500
     0.412530
     0.389550
     0.735920
      1.92730
   -0.0380820
      1.03100
      1.45000
     0.904090
    -0.122410
     0.399530
     0.817180
      1.43520
     0.999110
     0.455880
     0.180450
     0.949440
      1.63900
     -1.32490
     0.315630
    0.0418730
   -0.0120900
      1.65350
     0.900610
      1.78380
      1.27340
     0.619730
     0.133060
     0.232680
      1.12710
     0.117230
    0.0585920
    -0.673550
     -1.85290
     0.347020
     -1.53710
     -1.29030
    -0.470940
    -0.264880
    -0.554770
     0.514960
    -0.262180
     0.386140
    -0.928250
     0.910320
      1.16140
      1.27710
     0.995820
      1.47360
     0.746860
      1.33410
     -1.82350
     0.164960
     -2.79850
     -1.11200
    -0.590950
   -0.0993840
    -0.864500
     -2.56400
    -0.923530
      1.30850
    -0.987880
    -0.356900
    -0.187700
     0.224310
     0.384500
    -0.774510
     0.727010
     0.677970
    -0.323080
   -0.0248860
    -0.711650
     -1.32290
     0.807100
     -1.18190
     0.431680
     0.151040
     0.459580
      1.19540
      1.47430
   -0.0711500
     0.253590
   -0.0424880
    -0.242200
    -0.972890
    -0.128740
      1.24350
     0.158310
     0.355440
    -0.297320
     -1.42770
    -0.251960
     0.228190
     0.240740
    0.0310100
    -0.551490
     -1.96780
     0.338890
    -0.211320
     0.500560
    -0.169280
      1.69540
     0.437960
     0.925530
     -1.72710
    -0.324140
     0.879230
     0.101280
     0.638430
   -0.0828370
    0.0749410
    -0.570130
     -1.03520
    -0.611900
     -1.19800
     -2.63070
    -0.107910
    0.0305480
    -0.433670
    -0.983800
      1.92930
      1.20850
      1.14740
     0.587480
    -0.873410
    -0.489810
      1.34840
     0.320240
    0.0869500
      1.38560
      1.21490
     0.919700
      1.19380
     0.962570
     0.455830
     0.604590
    0.0291600
    -0.732780
    -0.469950
     -1.23420
    -0.685590
   -0.0165030
    0.0847870
     -1.91510
     0.606830
    -0.756890
    -0.775220
     0.108280
     0.377390
      1.02100
      2.07070
      2.42370
      1.51010
     0.401800
      1.33490
      1.51630
     0.205420
    0.0523570
      1.07380
    -0.296220
    -0.870010
      1.26570
   -0.0989690
     -1.38420
     -1.20200
     -1.25000
     0.388210
    -0.907540
      2.57350
      1.58330
    -0.283090
     0.274770
     0.665600
     0.152760
    -0.197140
      1.25930
     0.488840
     0.562380
    -0.444220
     -1.70090
    -0.763520
    0.0710270
     0.715560
      1.37480
     0.610560
     0.359620
    -0.271080
     0.945330
     -1.56090
     -1.65830
    -0.457600
     0.188830
    0.0612610
    -0.682620
     0.322150
     0.467030
     0.613710
    -0.445240
     0.841210
     0.246990
   -0.0589250
     -1.11890
   -0.0390490
    -0.519250
      1.32220
     0.674740
      1.21650
     0.773320
      1.02860
     0.415580
     0.711340
      1.67800
      1.06180
     0.542380
    -0.169870
     0.695360
   -0.0589070
      1.39180
      1.09330
      2.03830
    0.0969120
    0.0124140
      2.56550
     0.406630
    -0.738510
      2.33280
    -0.177220
     -1.50770
    -0.711170
    -0.982180
   -0.0149100
     0.156070
     0.619200
      1.05280
     0.546400
     0.728380
     0.764070
      1.29610
    -0.567650
     0.770620
     0.983890
      1.27520
      1.04110
