     2443889
     2443920
     2443948
     2443979
     2444009
     2444040
     2444070
     2444101
     2444132
     2444162
     2444193
     2444223
     2444254
     2444285
     2444314
     2444345
     2444375
     2444406
     2444436
     2444467
     2444498
     2444528
     2444559
     2444589
     2444620
     2444651
     2444679
     2444710
     2444740
     2444771
     2444801
     2444832
     2444863
     2444893
     2444924
     2444954
     2444985
     2445016
     2445044
     2445075
     2445105
     2445136
     2445166
     2445197
     2445228
     2445258
     2445289
     2445319
     2445350
     2445381
     2445409
     2445440
     2445470
     2445501
     2445531
     2445562
     2445593
     2445623
     2445654
     2445684
     2445715
     2445746
     2445775
     2445806
     2445836
     2445867
     2445897
     2445928
     2445959
     2445989
     2446020
     2446050
     2446081
     2446112
     2446140
     2446171
     2446201
     2446232
     2446262
     2446293
     2446324
     2446354
     2446385
     2446415
     2446446
     2446477
     2446505
     2446536
     2446566
     2446597
     2446627
     2446658
     2446689
     2446719
     2446750
     2446780
     2446811
     2446842
     2446870
     2446901
     2446931
     2446962
     2446992
     2447023
     2447054
     2447084
     2447115
     2447145
     2447176
     2447207
     2447236
     2447267
     2447297
     2447328
     2447358
     2447389
     2447420
     2447450
     2447481
     2447511
     2447542
     2447573
     2447601
     2447632
     2447662
     2447693
     2447723
     2447754
     2447785
     2447815
     2447846
     2447876
     2447907
     2447938
     2447966
     2447997
     2448027
     2448058
     2448088
     2448119
     2448150
     2448180
     2448211
     2448241
     2448272
     2448303
     2448331
     2448362
     2448392
     2448423
     2448453
     2448484
     2448515
     2448545
     2448576
     2448606
     2448637
     2448668
     2448697
     2448728
     2448758
     2448789
     2448819
     2448850
     2448881
     2448911
     2448942
     2448972
     2449003
     2449034
     2449062
     2449093
     2449123
     2449154
     2449184
     2449215
     2449246
     2449276
     2449307
     2449337
     2449368
     2449399
     2449427
     2449458
     2449488
     2449519
     2449549
     2449580
     2449611
     2449641
     2449672
     2449702
     2449733
     2449764
     2449792
     2449823
     2449853
     2449884
     2449914
     2449945
     2449976
     2450006
     2450037
     2450067
     2450098
     2450129
     2450158
     2450189
     2450219
     2450250
     2450280
     2450311
     2450342
     2450372
     2450403
     2450433
     2450464
     2450495
     2450523
     2450554
     2450584
     2450615
     2450645
     2450676
     2450707
     2450737
     2450768
     2450798
     2450829
     2450860
     2450888
     2450919
     2450949
     2450980
     2451010
     2451041
     2451072
     2451102
     2451133
     2451163
     2451194
     2451225
     2451253
     2451284
     2451314
     2451345
     2451375
     2451406
     2451437
     2451467
     2451498
     2451528
     2451559
     2451590
     2451619
     2451650
     2451680
     2451711
     2451741
     2451772
     2451803
     2451833
     2451864
     2451894
     2451925
     2451956
     2451984
     2452015
     2452045
     2452076
     2452106
     2452137
     2452168
     2452198
     2452229
     2452259
     2452290
     2452321
     2452349
     2452380
     2452410
     2452441
     2452471
     2452502
     2452533
     2452563
     2452594
     2452624
     2452655
     2452686
     2452714
     2452745
     2452775
     2452806
     2452836
     2452867
     2452898
     2452928
     2452959
     2452989
     2453020
     2453051
     2453080
     2453111
     2453141
     2453172
     2453202
     2453233
     2453264
     2453294
     2453325
     2453355
     2453386
     2453417
     2453445
     2453476
     2453506
     2453537
     2453567
     2453598
     2453629
     2453659
     2453690
     2453720
     2453751
     2453782
     2453810
     2453841
     2453871
     2453902
     2453932
     2453963
     2453994
     2454024
     2454055
     2454085
     2454116
     2454147
     2454175
     2454206
     2454236
     2454267
     2454297
     2454328
     2454359
     2454389
     2454420
     2454450
     2454481
     2454512
     2454541
     2454572
     2454602
     2454633
     2454663
     2454694
     2454725
     2454755
     2454786
     2454816
     2454847
     2454878
     2454906
     2454937
     2454967
     2454998
     2455028
     2455059
     2455090
     2455120
     2455151
     2455181
     2455212
     2455243
     2455271
     2455302
     2455332
     2455363
     2455393
     2455424
     2455455
     2455485
     2455516
     2455546
     2455577
     2455608
     2455636
     2455667
     2455697
     2455728
     2455758
     2455789
     2455820
     2455850
     2455881
     2455911
     2455942
     2455973
     2456002
     2456033
     2456063
     2456094
     2456124
     2456155
     2456186
     2456216
     2456247
     2456277
     2456308
     2456339
     2456367
     2456398
     2456428
     2456459
     2456489
     2456520
     2456551
     2456581
     2456612
     2456642
     2456673
     2456704
     2456732
     2456763
     2456793
     2456824
     2456854
     2456885
     2456916
     2456946
     2456977
     2457007
     2457038
     2457069
     2457097
     2457128
     2457158
     2457189
     2457219
     2457250
     2457281
     2457311
     2457342
     2457372
     2457403
     2457434
     2457463
     2457494
     2457524
     2457555
     2457585
     2457616
     2457647
     2457677
     2457708
     2457738
     2457769
     2457800
     2457828
     2457859
     2457889
     2457920
     2457950
     2457981
     2458012
     2458042
     2458073
     2458103
     2458134
     2458165
