       2433966.0
       2433996.0
       2434027.0
       2434058.0
       2434087.0
       2434118.0
       2434148.0
       2434179.0
       2434209.0
       2434240.0
       2434271.0
       2434301.0
       2434332.0
       2434362.0
       2434393.0
       2434424.0
       2434452.0
       2434483.0
       2434513.0
       2434544.0
       2434574.0
       2434605.0
       2434636.0
       2434666.0
       2434697.0
       2434727.0
       2434758.0
       2434789.0
       2434817.0
       2434848.0
       2434878.0
       2434909.0
       2434939.0
       2434970.0
       2435001.0
       2435031.0
       2435062.0
       2435092.0
       2435123.0
       2435154.0
       2435182.0
       2435213.0
       2435243.0
       2435274.0
       2435304.0
       2435335.0
       2435366.0
       2435396.0
       2435427.0
       2435457.0
       2435488.0
       2435519.0
       2435548.0
       2435579.0
       2435609.0
       2435640.0
       2435670.0
       2435701.0
       2435732.0
       2435762.0
       2435793.0
       2435823.0
       2435854.0
       2435885.0
       2435913.0
       2435944.0
       2435974.0
       2436005.0
       2436035.0
       2436066.0
       2436097.0
       2436127.0
       2436158.0
       2436188.0
       2436219.0
       2436250.0
       2436278.0
       2436309.0
       2436339.0
       2436370.0
       2436400.0
       2436431.0
       2436462.0
       2436492.0
       2436523.0
       2436553.0
       2436584.0
       2436615.0
       2436643.0
       2436674.0
       2436704.0
       2436735.0
       2436765.0
       2436796.0
       2436827.0
       2436857.0
       2436888.0
       2436918.0
       2436949.0
       2436980.0
       2437009.0
       2437040.0
       2437070.0
       2437101.0
       2437131.0
       2437162.0
       2437193.0
       2437223.0
       2437254.0
       2437284.0
       2437315.0
       2437346.0
       2437374.0
       2437405.0
       2437435.0
       2437466.0
       2437496.0
       2437527.0
       2437558.0
       2437588.0
       2437619.0
       2437649.0
       2437680.0
       2437711.0
       2437739.0
       2437770.0
       2437800.0
       2437831.0
       2437861.0
       2437892.0
       2437923.0
       2437953.0
       2437984.0
       2438014.0
       2438045.0
       2438076.0
       2438104.0
       2438135.0
       2438165.0
       2438196.0
       2438226.0
       2438257.0
       2438288.0
       2438318.0
       2438349.0
       2438379.0
       2438410.0
       2438441.0
       2438470.0
       2438501.0
       2438531.0
       2438562.0
       2438592.0
       2438623.0
       2438654.0
       2438684.0
       2438715.0
       2438745.0
       2438776.0
       2438807.0
       2438835.0
       2438866.0
       2438896.0
       2438927.0
       2438957.0
       2438988.0
       2439019.0
       2439049.0
       2439080.0
       2439110.0
       2439141.0
       2439172.0
       2439200.0
       2439231.0
       2439261.0
       2439292.0
       2439322.0
       2439353.0
       2439384.0
       2439414.0
       2439445.0
       2439475.0
       2439506.0
       2439537.0
       2439565.0
       2439596.0
       2439626.0
       2439657.0
       2439687.0
       2439718.0
       2439749.0
       2439779.0
       2439810.0
       2439840.0
       2439871.0
       2439902.0
       2439931.0
       2439962.0
       2439992.0
       2440023.0
       2440053.0
       2440084.0
       2440115.0
       2440145.0
       2440176.0
       2440206.0
       2440237.0
       2440268.0
       2440296.0
       2440327.0
       2440357.0
       2440388.0
       2440418.0
       2440449.0
       2440480.0
       2440510.0
       2440541.0
       2440571.0
       2440602.0
       2440633.0
       2440661.0
       2440692.0
       2440722.0
       2440753.0
       2440783.0
       2440814.0
       2440845.0
       2440875.0
       2440906.0
       2440936.0
       2440967.0
       2440998.0
       2441026.0
       2441057.0
       2441087.0
       2441118.0
       2441148.0
       2441179.0
       2441210.0
       2441240.0
       2441271.0
       2441301.0
       2441332.0
       2441363.0
       2441392.0
       2441423.0
       2441453.0
       2441484.0
       2441514.0
       2441545.0
       2441576.0
       2441606.0
       2441637.0
       2441667.0
       2441698.0
       2441729.0
       2441757.0
       2441788.0
       2441818.0
       2441849.0
       2441879.0
       2441910.0
       2441941.0
       2441971.0
       2442002.0
       2442032.0
       2442063.0
       2442094.0
       2442122.0
       2442153.0
       2442183.0
       2442214.0
       2442244.0
       2442275.0
       2442306.0
       2442336.0
       2442367.0
       2442397.0
       2442428.0
       2442459.0
       2442487.0
       2442518.0
       2442548.0
       2442579.0
       2442609.0
       2442640.0
       2442671.0
       2442701.0
       2442732.0
       2442762.0
       2442793.0
       2442824.0
       2442853.0
       2442884.0
       2442914.0
       2442945.0
       2442975.0
       2443006.0
       2443037.0
       2443067.0
       2443098.0
       2443128.0
       2443159.0
       2443190.0
       2443218.0
       2443249.0
       2443279.0
       2443310.0
       2443340.0
       2443371.0
       2443402.0
       2443432.0
       2443463.0
       2443493.0
       2443524.0
       2443555.0
       2443583.0
       2443614.0
       2443644.0
       2443675.0
       2443705.0
       2443736.0
       2443767.0
       2443797.0
       2443828.0
       2443858.0
       2443889.0
       2443920.0
       2443948.0
       2443979.0
       2444009.0
       2444040.0
       2444070.0
       2444101.0
       2444132.0
       2444162.0
       2444193.0
       2444223.0
       2444254.0
       2444285.0
       2444314.0
       2444345.0
       2444375.0
       2444406.0
       2444436.0
       2444467.0
       2444498.0
       2444528.0
       2444559.0
       2444589.0
       2444620.0
       2444651.0
       2444679.0
       2444710.0
       2444740.0
       2444771.0
       2444801.0
       2444832.0
       2444863.0
       2444893.0
       2444924.0
       2444954.0
       2444985.0
       2445016.0
       2445044.0
       2445075.0
       2445105.0
       2445136.0
       2445166.0
       2445197.0
       2445228.0
       2445258.0
       2445289.0
       2445319.0
       2445350.0
       2445381.0
       2445409.0
       2445440.0
       2445470.0
       2445501.0
       2445531.0
       2445562.0
       2445593.0
       2445623.0
       2445654.0
       2445684.0
       2445715.0
       2445746.0
       2445775.0
       2445806.0
       2445836.0
       2445867.0
       2445897.0
       2445928.0
       2445959.0
       2445989.0
       2446020.0
       2446050.0
       2446081.0
       2446112.0
       2446140.0
       2446171.0
       2446201.0
       2446232.0
       2446262.0
       2446293.0
       2446324.0
       2446354.0
       2446385.0
       2446415.0
       2446446.0
       2446477.0
       2446505.0
       2446536.0
       2446566.0
       2446597.0
       2446627.0
       2446658.0
       2446689.0
       2446719.0
       2446750.0
       2446780.0
       2446811.0
       2446842.0
       2446870.0
       2446901.0
       2446931.0
       2446962.0
       2446992.0
       2447023.0
       2447054.0
       2447084.0
       2447115.0
       2447145.0
       2447176.0
       2447207.0
       2447236.0
       2447267.0
       2447297.0
       2447328.0
       2447358.0
       2447389.0
       2447420.0
       2447450.0
       2447481.0
       2447511.0
       2447542.0
       2447573.0
       2447601.0
       2447632.0
       2447662.0
       2447693.0
       2447723.0
       2447754.0
       2447785.0
       2447815.0
       2447846.0
       2447876.0
       2447907.0
       2447938.0
       2447966.0
       2447997.0
       2448027.0
       2448058.0
       2448088.0
       2448119.0
       2448150.0
       2448180.0
       2448211.0
       2448241.0
       2448272.0
       2448303.0
       2448331.0
       2448362.0
       2448392.0
       2448423.0
       2448453.0
       2448484.0
       2448515.0
       2448545.0
       2448576.0
       2448606.0
       2448637.0
       2448668.0
       2448697.0
       2448728.0
       2448758.0
       2448789.0
       2448819.0
       2448850.0
       2448881.0
       2448911.0
       2448942.0
       2448972.0
       2449003.0
       2449034.0
       2449062.0
       2449093.0
       2449123.0
       2449154.0
       2449184.0
       2449215.0
       2449246.0
       2449276.0
       2449307.0
       2449337.0
       2449368.0
       2449399.0
       2449427.0
       2449458.0
       2449488.0
       2449519.0
       2449549.0
       2449580.0
       2449611.0
       2449641.0
       2449672.0
       2449702.0
       2449733.0
       2449764.0
       2449792.0
       2449823.0
       2449853.0
       2449884.0
       2449914.0
       2449945.0
       2449976.0
       2450006.0
       2450037.0
       2450067.0
       2450098.0
       2450129.0
       2450158.0
       2450189.0
       2450219.0
       2450250.0
       2450280.0
       2450311.0
       2450342.0
       2450372.0
       2450403.0
       2450433.0
       2450464.0
       2450495.0
       2450523.0
       2450554.0
       2450584.0
       2450615.0
       2450645.0
       2450676.0
       2450707.0
       2450737.0
       2450768.0
       2450798.0
       2450829.0
       2450860.0
       2450888.0
       2450919.0
       2450949.0
       2450980.0
       2451010.0
       2451041.0
       2451072.0
       2451102.0
       2451133.0
       2451163.0
       2451194.0
       2451225.0
       2451253.0
       2451284.0
       2451314.0
       2451345.0
       2451375.0
       2451406.0
       2451437.0
       2451467.0
       2451498.0
       2451528.0
       2451559.0
       2451590.0
       2451619.0
       2451650.0
       2451680.0
       2451711.0
       2451741.0
       2451772.0
       2451803.0
       2451833.0
       2451864.0
       2451894.0
       2451925.0
       2451956.0
       2451984.0
       2452015.0
       2452045.0
       2452076.0
       2452106.0
       2452137.0
       2452168.0
       2452198.0
       2452229.0
       2452259.0
       2452290.0
       2452321.0
       2452349.0
       2452380.0
       2452410.0
       2452441.0
       2452471.0
       2452502.0
       2452533.0
       2452563.0
       2452594.0
       2452624.0
       2452655.0
       2452686.0
       2452714.0
       2452745.0
       2452775.0
       2452806.0
       2452836.0
       2452867.0
       2452898.0
       2452928.0
       2452959.0
       2452989.0
       2453020.0
       2453051.0
       2453080.0
       2453111.0
       2453141.0
       2453172.0
       2453202.0
       2453233.0
       2453264.0
       2453294.0
       2453325.0
       2453355.0
       2453386.0
       2453417.0
       2453445.0
       2453476.0
       2453506.0
       2453537.0
       2453567.0
       2453598.0
       2453629.0
       2453659.0
       2453690.0
       2453720.0
       2453751.0
       2453782.0
       2453810.0
       2453841.0
       2453871.0
       2453902.0
       2453932.0
       2453963.0
       2453994.0
       2454024.0
       2454055.0
       2454085.0
       2454116.0
       2454147.0
       2454175.0
       2454206.0
       2454236.0
       2454267.0
       2454297.0
       2454328.0
       2454359.0
       2454389.0
       2454420.0
       2454450.0
       2454481.0
       2454512.0
       2454541.0
       2454572.0
       2454602.0
       2454633.0
       2454663.0
       2454694.0
       2454725.0
       2454755.0
       2454786.0
       2454816.0
       2454847.0
       2454878.0
       2454906.0
       2454937.0
       2454967.0
       2454998.0
       2455028.0
       2455059.0
       2455090.0
       2455120.0
       2455151.0
       2455181.0
       2455212.0
       2455243.0
       2455271.0
       2455302.0
       2455332.0
       2455363.0
       2455393.0
       2455424.0
       2455455.0
       2455485.0
       2455516.0
       2455546.0
       2455577.0
       2455608.0
       2455636.0
       2455667.0
       2455697.0
       2455728.0
       2455758.0
       2455789.0
       2455820.0
       2455850.0
       2455881.0
       2455911.0
       2455942.0
       2455973.0
       2456002.0
       2456033.0
       2456063.0
       2456094.0
       2456124.0
       2456155.0
       2456186.0
       2456216.0
       2456247.0
       2456277.0
       2456308.0
       2456339.0
       2456367.0
       2456398.0
       2456428.0
       2456459.0
       2456489.0
       2456520.0
       2456551.0
       2456581.0
       2456612.0
       2456642.0
       2456673.0
       2456704.0
       2456732.0
       2456763.0
       2456793.0
       2456824.0
       2456854.0
       2456885.0
       2456916.0
       2456946.0
       2456977.0
       2457007.0
       2457038.0
       2457069.0
       2457097.0
       2457128.0
       2457158.0
       2457189.0
       2457219.0
       2457250.0
       2457281.0
       2457311.0
       2457342.0
       2457372.0
       2457403.0
       2457434.0
       2457463.0
       2457494.0
       2457524.0
       2457555.0
       2457585.0
       2457616.0
       2457647.0
       2457677.0
       2457708.0
       2457738.0
       2457769.0
       2457800.0
       2457828.0
       2457859.0
       2457889.0
       2457920.0
       2457950.0
       2457981.0
       2458012.0
       2458042.0
       2458073.0
       2458103.0
       2458134.0
       2458165.0
       2458193.0
