       2443888.5
       2443919.5
       2443947.5
       2443978.5
       2444008.5
       2444039.5
       2444069.5
       2444100.5
       2444131.5
       2444161.5
       2444192.5
       2444222.5
       2444253.5
       2444284.5
       2444313.5
       2444344.5
       2444374.5
       2444405.5
       2444435.5
       2444466.5
       2444497.5
       2444527.5
       2444558.5
       2444588.5
       2444619.5
       2444650.5
       2444678.5
       2444709.5
       2444739.5
       2444770.5
       2444800.5
       2444831.5
       2444862.5
       2444892.5
       2444923.5
       2444953.5
       2444984.5
       2445015.5
       2445043.5
       2445074.5
       2445104.5
       2445135.5
       2445165.5
       2445196.5
       2445227.5
       2445257.5
       2445288.5
       2445318.5
       2445349.5
       2445380.5
       2445408.5
       2445439.5
       2445469.5
       2445500.5
       2445530.5
       2445561.5
       2445592.5
       2445622.5
       2445653.5
       2445683.5
       2445714.5
       2445745.5
       2445774.5
       2445805.5
       2445835.5
       2445866.5
       2445896.5
       2445927.5
       2445958.5
       2445988.5
       2446019.5
       2446049.5
       2446080.5
       2446111.5
       2446139.5
       2446170.5
       2446200.5
       2446231.5
       2446261.5
       2446292.5
       2446323.5
       2446353.5
       2446384.5
       2446414.5
       2446445.5
       2446476.5
       2446504.5
       2446535.5
       2446565.5
       2446596.5
       2446626.5
       2446657.5
       2446688.5
       2446718.5
       2446749.5
       2446779.5
       2446810.5
       2446841.5
       2446869.5
       2446900.5
       2446930.5
       2446961.5
       2446991.5
       2447022.5
       2447053.5
       2447083.5
       2447114.5
       2447144.5
       2447175.5
       2447206.5
       2447235.5
       2447266.5
       2447296.5
       2447327.5
       2447357.5
       2447388.5
       2447419.5
       2447449.5
       2447480.5
       2447510.5
       2447541.5
       2447572.5
       2447600.5
       2447631.5
       2447661.5
       2447692.5
       2447722.5
       2447753.5
       2447784.5
       2447814.5
       2447845.5
       2447875.5
       2447906.5
       2447937.5
       2447965.5
       2447996.5
       2448026.5
       2448057.5
       2448087.5
       2448118.5
       2448149.5
       2448179.5
       2448210.5
       2448240.5
       2448271.5
       2448302.5
       2448330.5
       2448361.5
       2448391.5
       2448422.5
       2448452.5
       2448483.5
       2448514.5
       2448544.5
       2448575.5
       2448605.5
       2448636.5
       2448667.5
       2448696.5
       2448727.5
       2448757.5
       2448788.5
       2448818.5
       2448849.5
       2448880.5
       2448910.5
       2448941.5
       2448971.5
       2449002.5
       2449033.5
       2449061.5
       2449092.5
       2449122.5
       2449153.5
       2449183.5
       2449214.5
       2449245.5
       2449275.5
       2449306.5
       2449336.5
       2449367.5
       2449398.5
       2449426.5
       2449457.5
       2449487.5
       2449518.5
       2449548.5
       2449579.5
       2449610.5
       2449640.5
       2449671.5
       2449701.5
       2449732.5
       2449763.5
       2449791.5
       2449822.5
       2449852.5
       2449883.5
       2449913.5
       2449944.5
       2449975.5
       2450005.5
       2450036.5
       2450066.5
       2450097.5
       2450128.5
       2450157.5
       2450188.5
       2450218.5
       2450249.5
       2450279.5
       2450310.5
       2450341.5
       2450371.5
       2450402.5
       2450432.5
       2450463.5
       2450494.5
       2450522.5
       2450553.5
       2450583.5
       2450614.5
       2450644.5
       2450675.5
       2450706.5
       2450736.5
       2450767.5
       2450797.5
       2450828.5
       2450859.5
       2450887.5
       2450918.5
       2450948.5
       2450979.5
       2451009.5
       2451040.5
       2451071.5
       2451101.5
       2451132.5
       2451162.5
       2451193.5
       2451224.5
       2451252.5
       2451283.5
       2451313.5
       2451344.5
       2451374.5
       2451405.5
       2451436.5
       2451466.5
       2451497.5
       2451527.5
       2451558.5
       2451589.5
       2451618.5
       2451649.5
       2451679.5
       2451710.5
       2451740.5
       2451771.5
       2451802.5
       2451832.5
       2451863.5
       2451893.5
       2451924.5
       2451955.5
       2451983.5
       2452014.5
       2452044.5
       2452075.5
       2452105.5
       2452136.5
       2452167.5
       2452197.5
       2452228.5
       2452258.5
       2452289.5
       2452320.5
       2452348.5
       2452379.5
       2452409.5
       2452440.5
       2452470.5
       2452501.5
       2452532.5
       2452562.5
       2452593.5
       2452623.5
       2452654.5
       2452685.5
       2452713.5
       2452744.5
       2452774.5
       2452805.5
       2452835.5
       2452866.5
       2452897.5
       2452927.5
       2452958.5
       2452988.5
       2453019.5
       2453050.5
       2453079.5
       2453110.5
       2453140.5
       2453171.5
       2453201.5
       2453232.5
       2453263.5
       2453293.5
       2453324.5
       2453354.5
       2453385.5
       2453416.5
       2453444.5
       2453475.5
       2453505.5
       2453536.5
       2453566.5
       2453597.5
       2453628.5
       2453658.5
       2453689.5
       2453719.5
       2453750.5
       2453781.5
       2453809.5
       2453840.5
       2453870.5
       2453901.5
       2453931.5
       2453962.5
       2453993.5
       2454023.5
       2454054.5
       2454084.5
       2454115.5
       2454146.5
       2454174.5
       2454205.5
       2454235.5
       2454266.5
       2454296.5
       2454327.5
       2454358.5
       2454388.5
       2454419.5
       2454449.5
       2454480.5
       2454511.5
       2454540.5
       2454571.5
       2454601.5
       2454632.5
       2454662.5
       2454693.5
       2454724.5
       2454754.5
       2454785.5
       2454815.5
       2454846.5
       2454877.5
       2454905.5
       2454936.5
       2454966.5
       2454997.5
       2455027.5
       2455058.5
       2455089.5
       2455119.5
       2455150.5
       2455180.5
       2455211.5
       2455242.5
       2455270.5
       2455301.5
       2455331.5
       2455362.5
       2455392.5
       2455423.5
       2455454.5
       2455484.5
       2455515.5
       2455545.5
       2455576.5
       2455607.5
       2455635.5
       2455666.5
       2455696.5
       2455727.5
       2455757.5
       2455788.5
       2455819.5
       2455849.5
       2455880.5
       2455910.5
       2455941.5
       2455972.5
       2456001.5
       2456032.5
       2456062.5
       2456093.5
       2456123.5
       2456154.5
       2456185.5
       2456215.5
       2456246.5
       2456276.5
       2456307.5
       2456338.5
       2456366.5
       2456397.5
       2456427.5
       2456458.5
       2456488.5
       2456519.5
       2456550.5
       2456580.5
       2456611.5
       2456641.5
       2456672.5
       2456703.5
       2456731.5
       2456762.5
       2456792.5
       2456823.5
       2456853.5
       2456884.5
       2456915.5
       2456945.5
       2456976.5
       2457006.5
       2457037.5
       2457068.5
       2457096.5
       2457127.5
       2457157.5
       2457188.5
       2457218.5
       2457249.5
       2457280.5
       2457310.5
       2457341.5
       2457371.5
       2457402.5
       2457433.5
       2457462.5
       2457493.5
       2457523.5
       2457554.5
       2457584.5
       2457615.5
       2457646.5
       2457676.5
       2457707.5
       2457737.5
       2457768.5
       2457799.5
       2457827.5
       2457858.5
       2457888.5
       2457919.5
       2457949.5
       2457980.5
       2458011.5
       2458041.5
       2458072.5
       2458102.5
