      344.500
      375.000
      370.300
      398.800
      363.600
      336.100
      326.800
      313.000
      288.000
      286.500
      281.500
      306.700
      327.100
      331.700
      355.000
      386.500
      375.600
      352.900
      327.300
      304.700
      285.500
      277.500
      285.600
      298.900
      323.500
      375.600
      354.300
      362.600
      367.700
      327.900
      321.900
      308.700
      293.600
      289.500
      281.300
      309.900
      333.400
      372.300
      385.500
      364.800
      356.700
      343.800
      316.800
      317.300
      283.700
      280.700
      274.400
      288.400
      291.500
      351.800
      326.600
      359.600
      342.600
      331.800
      312.800
      313.300
      286.100
      273.100
      270.600
      297.200
      338.400
      368.200
      375.300
      361.100
      367.300
      337.800
      317.100
      315.100
      297.900
      283.600
      279.300
      292.100
      354.400
      334.400
      345.600
      341.800
      340.400
      331.100
      311.400
      294.400
      278.100
      275.900
      300.700
      289.000
      346.500
      387.800
      354.700
      378.100
      341.700
      331.500
      320.300
      302.700
      282.500
      276.300
      285.800
      299.000
      312.900
      334.700
      398.900
      355.900
      373.600
      345.600
      327.600
      311.800
      291.000
      278.800
      280.100
      288.400
      312.600
      333.100
      362.800
      350.100
      349.900
      345.900
      316.900
      306.600
      297.200
      284.200
      280.100
      308.300
      309.300
      351.700
      340.500
      356.100
      352.200
      341.800
      322.500
      311.700
      293.700
      272.700
      277.700
      293.900
      313.300
      299.200
      325.900
      367.300
      354.700
      334.900
      320.100
      310.400
      300.400
      269.700
      281.100
      307.700
      335.300
      373.800
      348.300
      391.300
      377.200
      350.500
      317.700
      308.200
      290.800
      285.400
      283.700
      269.500
      284.700
      323.400
      349.000
      352.300
      338.100
      331.500
      309.300
      288.500
      277.800
      280.100
      254.500
      276.500
      280.900
      295.900
      321.200
      321.500
      325.700
      317.000
      309.100
      297.000
      290.300
      274.900
      285.500
      276.600
      324.500
      370.700
      311.700
      366.400
      345.800
      325.600
      313.000
      300.400
      293.000
      280.500
      267.900
      289.700
      294.700
      313.500
      335.600
      328.700
      325.900
      315.700
      304.700
      312.900
      290.100
      262.300
      274.300
      302.500
      313.100
      352.200
      329.100
      337.600
      337.300
      324.000
      313.200
      299.600
      295.200
      272.300
      271.100
      290.800
      311.800
      319.900
      322.900
      325.600
      317.500
      327.200
      324.400
      300.100
      273.300
      273.100
      276.100
      287.500
      314.100
      304.600
      350.900
      373.800
      358.000
      334.600
      322.600
      307.700
      305.300
      289.000
      291.900
      284.300
      306.900
      351.400
      360.800
      364.100
      333.300
      330.800
      312.300
      301.000
      283.600
      274.200
      275.500
      286.700
      306.200
      316.000
      327.900
      337.100
      322.900
      307.000
      320.100
      292.700
      286.500
      266.600
      283.500
      292.100
      324.700
      332.100
      343.000
      369.600
      338.500
      336.700
      315.900
      299.300
      311.400
      265.000
      273.500
      281.100
      297.000
      294.400
      335.600
      353.600
      329.500
      323.000
      317.600
      306.100
      294.500
      277.200
      295.600
      301.100
      333.000
      364.900
      342.400
      354.500
      336.800
      316.000
      314.600
      302.500
      289.700
      281.300
      291.000
      286.000
      304.500
      338.800
      350.500
      351.300
      355.000
      327.900
      311.400
      300.800
      282.200
      271.600
      268.500
      288.400
      287.400
      356.500
      331.700
      354.800
      330.100
      320.800
      316.700
      302.800
      284.600
      272.200
      283.600
      309.700
      300.800
      357.100
      380.600
      355.300
      342.800
      327.300
      312.500
      319.200
      276.900
      260.000
      272.300
      277.500
      309.500
      336.000
      381.000
      345.200
      327.500
      321.700
      306.000
      293.600
      290.400
      275.700
      266.600
      301.100
      284.400
      304.400
      352.600
      348.900
      337.600
      316.700
      310.100
      288.000
      283.400
      275.400
      279.700
      297.500
      327.600
      373.800
      346.200
      348.400
      323.100
      323.200
      305.100
      287.200
      286.000
      275.800
      274.200
      322.600
      343.700
      357.600
      375.100
      370.500
      347.200
      336.400
      315.400
      301.500
      298.600
      282.200
      296.700
      332.800
      319.300
      327.800
      344.400
      319.100
      328.700
      312.600
      316.100
      284.200
      266.500
      268.100
      263.400
      268.500
      278.300
      335.300
      324.600
      336.400
      338.900
      304.500
      308.600
      290.600
      288.900
      264.800
      281.100
      280.400
      331.600
      381.500
      350.700
      357.600
      342.600
      333.100
      323.300
      305.100
      291.300
      274.100
      284.900
      286.300
      337.200
      355.200
      341.800
      349.600
      350.400
      336.800
      322.900
      315.500
      282.300
      268.200
      261.600
      290.600
      328.900
      361.400
      362.400
      336.900
      335.600
      332.600
      307.600
      297.400
      292.900
      279.000
      265.600
      273.300
      321.700
      317.800
      347.500
      357.400
      344.400
      322.100
      304.400
      294.700
      280.400
      275.500
      276.300
      290.000
      319.700
      330.100
      323.900
      333.300
      345.100
      319.300
      311.900
      291.400
      297.500
      266.300
      285.400
      293.900
